3.070952987754894366e+03 7.217287138701296101e+01 2.395095229453567121e-02 1.138986720654374535e-01 1.933685073573938040e-01 2.632358730388405267e-09 1.021428388165021239e+00
3.070952987754894366e+03 7.217287138701296101e+01 2.395095229453567121e-02 1.138986720654374535e-01 1.933685073573938040e-01 2.632358730388405267e-09 1.021428388165021239e+00
3.070952987754894366e+03 7.217287138701296101e+01 2.395095229453567121e-02 1.138986720654374535e-01 1.933685073573938040e-01 2.632358730388405267e-09 1.021428388165021239e+00
2.787705686293123108e+03 7.205377340476026404e+01 2.377195326672558798e-02 1.134319071350695790e-01 1.602707272486546541e-01 2.504202689822947662e-09 1.018480776811471866e+00
2.780613492186931580e+03 7.201225092053017818e+01 2.372069545610562200e-02 1.134424583366201444e-01 1.433384100436668196e-01 2.438710875435109842e-09 1.019797927471060017e+00
2.759805383853764852e+03 7.210681871603000559e+01 2.388230361362315285e-02 1.126109291602376689e-01 1.534225735399789015e-01 2.468125834963374089e-09 1.016152270882419550e+00
2.759805383853764852e+03 7.210681871603000559e+01 2.388230361362315285e-02 1.126109291602376689e-01 1.534225735399789015e-01 2.468125834963374089e-09 1.016152270882419550e+00
2.759805383853764852e+03 7.210681871603000559e+01 2.388230361362315285e-02 1.126109291602376689e-01 1.534225735399789015e-01 2.468125834963374089e-09 1.016152270882419550e+00
2.732566813597301916e+03 7.194874822460336361e+01 2.385223647046495060e-02 1.123778057447550188e-01 1.318904736253567189e-01 2.382465868077322426e-09 1.013897704330434468e+00
2.732566813597301916e+03 7.194874822460336361e+01 2.385223647046495060e-02 1.123778057447550188e-01 1.318904736253567189e-01 2.382465868077322426e-09 1.013897704330434468e+00
2.732566813597301916e+03 7.194874822460336361e+01 2.385223647046495060e-02 1.123778057447550188e-01 1.318904736253567189e-01 2.382465868077322426e-09 1.013897704330434468e+00
2.732566813597301916e+03 7.194874822460336361e+01 2.385223647046495060e-02 1.123778057447550188e-01 1.318904736253567189e-01 2.382465868077322426e-09 1.013897704330434468e+00
2.732566813597301916e+03 7.194874822460336361e+01 2.385223647046495060e-02 1.123778057447550188e-01 1.318904736253567189e-01 2.382465868077322426e-09 1.013897704330434468e+00
2.732566813597301916e+03 7.194874822460336361e+01 2.385223647046495060e-02 1.123778057447550188e-01 1.318904736253567189e-01 2.382465868077322426e-09 1.013897704330434468e+00
2.732566813597301916e+03 7.194874822460336361e+01 2.385223647046495060e-02 1.123778057447550188e-01 1.318904736253567189e-01 2.382465868077322426e-09 1.013897704330434468e+00
2.732566813597301916e+03 7.194874822460336361e+01 2.385223647046495060e-02 1.123778057447550188e-01 1.318904736253567189e-01 2.382465868077322426e-09 1.013897704330434468e+00
2.732566813597301916e+03 7.194874822460336361e+01 2.385223647046495060e-02 1.123778057447550188e-01 1.318904736253567189e-01 2.382465868077322426e-09 1.013897704330434468e+00
2.732566813597301916e+03 7.194874822460336361e+01 2.385223647046495060e-02 1.123778057447550188e-01 1.318904736253567189e-01 2.382465868077322426e-09 1.013897704330434468e+00
2.730396314596264801e+03 7.190651326017992062e+01 2.386797939679391814e-02 1.125783289080419386e-01 1.353893729368997878e-01 2.396773930974631469e-09 1.013510697910547709e+00
2.733242121640634196e+03 7.203149222302987198e+01 2.389388452731387377e-02 1.122931659289568423e-01 1.367048171848302962e-01 2.400231879048067929e-09 1.014360385216410698e+00
2.731492446884745732e+03 7.220511102870048603e+01 2.387829066827541757e-02 1.117236761264997630e-01 1.424751958976228083e-01 2.419882318142232289e-09 1.015471064551623170e+00
2.660287332677955874e+03 7.183272720294094427e+01 2.224664715283703603e-02 1.095524770289930810e-01 1.307901089920548432e-01 2.356180388424655105e-09 1.015982617243539110e+00
2.660287332677955874e+03 7.183272720294094427e+01 2.224664715283703603e-02 1.095524770289930810e-01 1.307901089920548432e-01 2.356180388424655105e-09 1.015982617243539110e+00
2.660287332677955874e+03 7.183272720294094427e+01 2.224664715283703603e-02 1.095524770289930810e-01 1.307901089920548432e-01 2.356180388424655105e-09 1.015982617243539110e+00
2.652454055885618345e+03 7.022811349168145512e+01 2.181716196789969947e-02 1.115876459344375821e-01 1.318385539404426654e-01 2.368054436711149980e-09 1.008871613093995201e+00
2.652454055885618345e+03 7.022811349168145512e+01 2.181716196789969947e-02 1.115876459344375821e-01 1.318385539404426654e-01 2.368054436711149980e-09 1.008871613093995201e+00
2.652454055885618345e+03 7.022811349168145512e+01 2.181716196789969947e-02 1.115876459344375821e-01 1.318385539404426654e-01 2.368054436711149980e-09 1.008871613093995201e+00
2.652454055885618345e+03 7.022811349168145512e+01 2.181716196789969947e-02 1.115876459344375821e-01 1.318385539404426654e-01 2.368054436711149980e-09 1.008871613093995201e+00
2.648936490209062413e+03 6.969756871121683162e+01 2.175559704672601000e-02 1.126220072976273634e-01 1.245188510448404229e-01 2.345505978619332553e-09 1.006048863598006937e+00
2.649871487795204303e+03 6.956561165553883086e+01 2.173370399688778418e-02 1.129166435361098897e-01 1.231573378363323146e-01 2.341630550508391489e-09 1.005534531560090317e+00
2.649871487795204303e+03 6.956561165553883086e+01 2.173370399688778418e-02 1.129166435361098897e-01 1.231573378363323146e-01 2.341630550508391489e-09 1.005534531560090317e+00
2.647757246720760122e+03 6.906747144147256279e+01 2.164427399285871745e-02 1.137422571833572732e-01 1.152523609602788268e-01 2.315388985084633120e-09 1.001685029868233601e+00
2.647757246720760122e+03 6.906747144147256279e+01 2.164427399285871745e-02 1.137422571833572732e-01 1.152523609602788268e-01 2.315388985084633120e-09 1.001685029868233601e+00
2.642909541047296898e+03 6.915825920871117205e+01 2.168007967947839509e-02 1.136518598583586975e-01 1.213280425905845922e-01 2.338064603221883693e-09 1.002313629815340112e+00
2.640248419193306745e+03 6.909451891289528191e+01 2.170474144370353187e-02 1.138648124485071716e-01 1.266639652263790161e-01 2.359905435581915361e-09 1.001759616163336863e+00
2.640248419193306745e+03 6.909451891289528191e+01 2.170474144370353187e-02 1.138648124485071716e-01 1.266639652263790161e-01 2.359905435581915361e-09 1.001759616163336863e+00
2.639173500432655146e+03 6.926073970814439917e+01 2.173559007297463930e-02 1.136971586767300813e-01 1.296941175609701014e-01 2.370275649609825592e-09 1.001478379147618281e+00
2.639173500432655146e+03 6.926073970814439917e+01 2.173559007297463930e-02 1.136971586767300813e-01 1.296941175609701014e-01 2.370275649609825592e-09 1.001478379147618281e+00
2.634440124725078476e+03 6.908530794328235913e+01 2.169794300549772806e-02 1.140585914901777187e-01 1.233698545641967043e-01 2.347990860057166432e-09 1.000262638574475060e+00
2.634589418765383925e+03 6.907844160377332798e+01 2.167771139823768123e-02 1.140616935102755497e-01 1.210616636531767487e-01 2.339447025316284609e-09 1.000142963469989654e+00
2.634589418765383925e+03 6.907844160377332798e+01 2.167771139823768123e-02 1.140616935102755497e-01 1.210616636531767487e-01 2.339447025316284609e-09 1.000142963469989654e+00
2.634589418765383925e+03 6.907844160377332798e+01 2.167771139823768123e-02 1.140616935102755497e-01 1.210616636531767487e-01 2.339447025316284609e-09 1.000142963469989654e+00
2.634589418765383925e+03 6.907844160377332798e+01 2.167771139823768123e-02 1.140616935102755497e-01 1.210616636531767487e-01 2.339447025316284609e-09 1.000142963469989654e+00
2.634589418765383925e+03 6.907844160377332798e+01 2.167771139823768123e-02 1.140616935102755497e-01 1.210616636531767487e-01 2.339447025316284609e-09 1.000142963469989654e+00
2.634885275109937083e+03 6.916401782496427586e+01 2.170674034307136166e-02 1.139291061436222968e-01 1.204849966625494151e-01 2.336682043570941009e-09 1.000639009757357423e+00
2.635366337166137328e+03 6.915895610189765819e+01 2.168996170595792472e-02 1.139433441959525617e-01 1.180122240254111166e-01 2.327478402844704957e-09 1.000378576839957567e+00
2.638599487968577250e+03 6.901188891908263656e+01 2.167416150131109762e-02 1.142923706675432194e-01 1.113193513404980017e-01 2.303783888639317918e-09 9.991596819289013665e-01
2.638549633885111234e+03 6.882631502468986184e+01 2.161474699660068458e-02 1.145334301239711028e-01 1.112575776672988792e-01 2.304965778821616255e-09 9.981432630296815933e-01
2.634487787173029574e+03 6.916781403183652799e+01 2.165835851493222788e-02 1.137493437871710950e-01 1.177318980564586726e-01 2.325998584815183693e-09 9.999742790768103573e-01
2.634719676467031150e+03 6.890357324453074739e+01 2.168271402886356655e-02 1.141955770298523909e-01 1.265975990603644130e-01 2.362143292970728436e-09 9.995753521609938019e-01
2.634719676467031150e+03 6.890357324453074739e+01 2.168271402886356655e-02 1.141955770298523909e-01 1.265975990603644130e-01 2.362143292970728436e-09 9.995753521609938019e-01
2.634719676467031150e+03 6.890357324453074739e+01 2.168271402886356655e-02 1.141955770298523909e-01 1.265975990603644130e-01 2.362143292970728436e-09 9.995753521609938019e-01
2.633074591490836610e+03 6.876342797327630763e+01 2.163591240858368445e-02 1.145530448259852452e-01 1.227708277711149487e-01 2.350034856491436234e-09 9.984401212850078089e-01
2.633074591490836610e+03 6.876342797327630763e+01 2.163591240858368445e-02 1.145530448259852452e-01 1.227708277711149487e-01 2.350034856491436234e-09 9.984401212850078089e-01
2.633074591490836610e+03 6.876342797327630763e+01 2.163591240858368445e-02 1.145530448259852452e-01 1.227708277711149487e-01 2.350034856491436234e-09 9.984401212850078089e-01
2.632140752044873807e+03 6.867055946731287008e+01 2.160117559560612716e-02 1.147407762889151306e-01 1.194873275296655241e-01 2.338351069917724382e-09 9.974440455807961348e-01
2.631005510481210422e+03 6.899526774186769273e+01 2.162141867433567746e-02 1.139262607266795790e-01 1.248600029716585430e-01 2.354468970682699250e-09 9.985144125171968588e-01
2.631005510481210422e+03 6.899526774186769273e+01 2.162141867433567746e-02 1.139262607266795790e-01 1.248600029716585430e-01 2.354468970682699250e-09 9.985144125171968588e-01
2.619017166246112993e+03 6.863193075788200304e+01 2.156378670624110525e-02 1.143656853674893115e-01 1.257922587003776904e-01 2.362627075258924113e-09 9.900500179379643217e-01
2.619282340692836442e+03 6.873771329166781641e+01 2.153305414297018716e-02 1.140013506687918982e-01 1.124055587330558270e-01 2.310611564205067839e-09 9.914635566685120471e-01
2.619282340692836442e+03 6.873771329166781641e+01 2.153305414297018716e-02 1.140013506687918982e-01 1.124055587330558270e-01 2.310611564205067839e-09 9.914635566685120471e-01
2.619282340692836442e+03 6.873771329166781641e+01 2.153305414297018716e-02 1.140013506687918982e-01 1.124055587330558270e-01 2.310611564205067839e-09 9.914635566685120471e-01
2.618457920752457085e+03 6.892681399618409444e+01 2.158116594485624123e-02 1.136464384210102846e-01 1.246040628054477517e-01 2.355046343262365885e-09 9.927810942066328526e-01
2.618457920752457085e+03 6.892681399618409444e+01 2.158116594485624123e-02 1.136464384210102846e-01 1.246040628054477517e-01 2.355046343262365885e-09 9.927810942066328526e-01
2.618457920752457085e+03 6.892681399618409444e+01 2.158116594485624123e-02 1.136464384210102846e-01 1.246040628054477517e-01 2.355046343262365885e-09 9.927810942066328526e-01
2.618457920752457085e+03 6.892681399618409444e+01 2.158116594485624123e-02 1.136464384210102846e-01 1.246040628054477517e-01 2.355046343262365885e-09 9.927810942066328526e-01
2.617151977058649663e+03 6.863756798560073946e+01 2.149872781294355495e-02 1.142664414358516151e-01 1.184726710986403753e-01 2.335002544814854197e-09 9.909176691126840852e-01
2.617151977058649663e+03 6.863756798560073946e+01 2.149872781294355495e-02 1.142664414358516151e-01 1.184726710986403753e-01 2.335002544814854197e-09 9.909176691126840852e-01
2.619066423468957510e+03 6.891398420209350206e+01 2.152990630278457315e-02 1.135786624152531760e-01 1.228205231611037562e-01 2.348096709848313908e-09 9.923068970969758373e-01
2.619066423468957510e+03 6.891398420209350206e+01 2.152990630278457315e-02 1.135786624152531760e-01 1.228205231611037562e-01 2.348096709848313908e-09 9.923068970969758373e-01
2.619689420609646731e+03 6.876687677766443585e+01 2.149975728043488493e-02 1.138483181936690569e-01 1.126093241288490532e-01 2.309994731197832367e-09 9.913689722022228645e-01
2.617321176462207404e+03 6.906730625945704105e+01 2.154982255346797604e-02 1.135231637548770739e-01 1.168789404592569109e-01 2.323888178055603283e-09 9.929722080108930315e-01
2.617321176462207404e+03 6.906730625945704105e+01 2.154982255346797604e-02 1.135231637548770739e-01 1.168789404592569109e-01 2.323888178055603283e-09 9.929722080108930315e-01
2.617731890314573320e+03 6.873754655304320238e+01 2.153924338061716931e-02 1.142802503964890914e-01 1.090128487323614725e-01 2.297173392429278751e-09 9.912666088610784243e-01
2.617793758557842011e+03 6.908111709674706447e+01 2.164515087094194198e-02 1.135787823798541096e-01 1.234160605386712545e-01 2.347681686509170206e-09 9.934632081593459674e-01
2.616564410268190841e+03 6.916546962507919716e+01 2.170212967697755443e-02 1.132272606554807076e-01 1.221404306980812121e-01 2.340278885722212224e-09 9.944343682626856085e-01
2.616564410268190841e+03 6.916546962507919716e+01 2.170212967697755443e-02 1.132272606554807076e-01 1.221404306980812121e-01 2.340278885722212224e-09 9.944343682626856085e-01
2.616564410268190841e+03 6.916546962507919716e+01 2.170212967697755443e-02 1.132272606554807076e-01 1.221404306980812121e-01 2.340278885722212224e-09 9.944343682626856085e-01
2.616564410268190841e+03 6.916546962507919716e+01 2.170212967697755443e-02 1.132272606554807076e-01 1.221404306980812121e-01 2.340278885722212224e-09 9.944343682626856085e-01
2.616564410268190841e+03 6.916546962507919716e+01 2.170212967697755443e-02 1.132272606554807076e-01 1.221404306980812121e-01 2.340278885722212224e-09 9.944343682626856085e-01
2.617368244999160652e+03 6.914207884811821714e+01 2.168057672499816568e-02 1.132865931086113193e-01 1.230205653689776246e-01 2.344441162407304880e-09 9.943565226589984318e-01
2.617794946812396120e+03 6.900431221070533638e+01 2.163249457560330324e-02 1.134753276451153092e-01 1.118401245642991204e-01 2.303465189069218723e-09 9.932610024924087844e-01
2.617794946812396120e+03 6.900431221070533638e+01 2.163249457560330324e-02 1.134753276451153092e-01 1.118401245642991204e-01 2.303465189069218723e-09 9.932610024924087844e-01
2.618728409127907071e+03 6.918923616083185379e+01 2.162818345037494788e-02 1.129141000318775179e-01 1.174855010311096903e-01 2.322331955315695038e-09 9.945664530103051071e-01
2.618728409127907071e+03 6.918923616083185379e+01 2.162818345037494788e-02 1.129141000318775179e-01 1.174855010311096903e-01 2.322331955315695038e-09 9.945664530103051071e-01
2.618728409127907071e+03 6.918923616083185379e+01 2.162818345037494788e-02 1.129141000318775179e-01 1.174855010311096903e-01 2.322331955315695038e-09 9.945664530103051071e-01
2.618728409127907071e+03 6.918923616083185379e+01 2.162818345037494788e-02 1.129141000318775179e-01 1.174855010311096903e-01 2.322331955315695038e-09 9.945664530103051071e-01
2.618728409127907071e+03 6.918923616083185379e+01 2.162818345037494788e-02 1.129141000318775179e-01 1.174855010311096903e-01 2.322331955315695038e-09 9.945664530103051071e-01
2.619365010227312268e+03 6.909619244462649590e+01 2.160733884255134143e-02 1.130554432104609597e-01 1.169514034006606668e-01 2.320984026625925675e-09 9.941262706136718696e-01
2.620894477923901377e+03 6.907321547884487245e+01 2.160390742788409132e-02 1.130612151561426887e-01 1.152967779693733763e-01 2.314561982633049116e-09 9.942107519996399301e-01
2.619155901523626198e+03 6.909249153751483163e+01 2.160952037298188855e-02 1.130984292887779047e-01 1.204937779180336593e-01 2.334304147982915293e-09 9.941681881622562722e-01
2.619155901523626198e+03 6.909249153751483163e+01 2.160952037298188855e-02 1.130984292887779047e-01 1.204937779180336593e-01 2.334304147982915293e-09 9.941681881622562722e-01
2.619155901523626198e+03 6.909249153751483163e+01 2.160952037298188855e-02 1.130984292887779047e-01 1.204937779180336593e-01 2.334304147982915293e-09 9.941681881622562722e-01
2.619155901523626198e+03 6.909249153751483163e+01 2.160952037298188855e-02 1.130984292887779047e-01 1.204937779180336593e-01 2.334304147982915293e-09 9.941681881622562722e-01
2.618085865742672013e+03 6.922362644712606539e+01 2.161153620914514281e-02 1.128132210898075277e-01 1.171685097536594306e-01 2.320828065436249783e-09 9.941079582937335513e-01
2.619050439126373931e+03 6.933802577701864323e+01 2.161110022262710539e-02 1.125496651829581973e-01 1.165721635664838662e-01 2.317709848566555355e-09 9.945981618929227164e-01
2.619050439126373931e+03 6.933802577701864323e+01 2.161110022262710539e-02 1.125496651829581973e-01 1.165721635664838662e-01 2.317709848566555355e-09 9.945981618929227164e-01
2.619050439126373931e+03 6.933802577701864323e+01 2.161110022262710539e-02 1.125496651829581973e-01 1.165721635664838662e-01 2.317709848566555355e-09 9.945981618929227164e-01
2.618293973354729587e+03 6.931059363689294628e+01 2.161794815804930076e-02 1.125832905272952655e-01 1.188994266929528226e-01 2.326639917139466957e-09 9.943976454359763073e-01
2.618293973354729587e+03 6.931059363689294628e+01 2.161794815804930076e-02 1.125832905272952655e-01 1.188994266929528226e-01 2.326639917139466957e-09 9.943976454359763073e-01
2.618101370449081514e+03 6.935219889295255769e+01 2.161736075444945643e-02 1.124411069931957607e-01 1.168955344285242254e-01 2.318104161198554940e-09 9.941197940532664479e-01
2.617171892156860395e+03 6.938957181773842819e+01 2.163442166921232535e-02 1.125234368098392418e-01 1.215929367791388771e-01 2.336677277932992821e-09 9.941797498045290560e-01
2.608369446286453694e+03 6.791762066120561769e+01 2.152342320313612237e-02 1.170250265683164120e-01 1.053458991720582633e-01 2.292933350333717016e-09 9.832105125192479589e-01
2.608369446286453694e+03 6.791762066120561769e+01 2.152342320313612237e-02 1.170250265683164120e-01 1.053458991720582633e-01 2.292933350333717016e-09 9.832105125192479589e-01
2.608450293198118743e+03 6.785972389480268419e+01 2.152337902073970036e-02 1.171721004121972498e-01 1.055605158325914339e-01 2.294256237983442954e-09 9.829831587047834773e-01
2.605905285005184396e+03 6.750690315799315044e+01 2.150724164859872320e-02 1.179237536748251186e-01 9.651522216737729032e-02 2.263666468792304821e-09 9.814313390423055061e-01
2.605905285005184396e+03 6.750690315799315044e+01 2.150724164859872320e-02 1.179237536748251186e-01 9.651522216737729032e-02 2.263666468792304821e-09 9.814313390423055061e-01
2.601465975152794272e+03 6.828764047387912228e+01 2.166727674160748990e-02 1.164174265275139952e-01 1.062241761905144410e-01 2.295505798632342855e-09 9.842126951829294201e-01
2.601430424332236271e+03 6.841176667314562110e+01 2.167449619623864482e-02 1.161078879106151318e-01 1.022693477924735833e-01 2.279597319096506517e-09 9.847960623588664086e-01
2.601430424332236271e+03 6.841176667314562110e+01 2.167449619623864482e-02 1.161078879106151318e-01 1.022693477924735833e-01 2.279597319096506517e-09 9.847960623588664086e-01
2.601430424332236271e+03 6.841176667314562110e+01 2.167449619623864482e-02 1.161078879106151318e-01 1.022693477924735833e-01 2.279597319096506517e-09 9.847960623588664086e-01
2.601430424332236271e+03 6.841176667314562110e+01 2.167449619623864482e-02 1.161078879106151318e-01 1.022693477924735833e-01 2.279597319096506517e-09 9.847960623588664086e-01
2.602169442758108744e+03 6.844052926755115607e+01 2.170458552780610631e-02 1.160926732489883234e-01 1.095944461663640596e-01 2.306759535363517446e-09 9.853257049403992829e-01
2.599237632794377532e+03 6.813484351117229210e+01 2.166472071355575804e-02 1.166518165524382672e-01 1.027206717186906204e-01 2.283170052724295877e-09 9.834147435406705995e-01
2.599237632794377532e+03 6.813484351117229210e+01 2.166472071355575804e-02 1.166518165524382672e-01 1.027206717186906204e-01 2.283170052724295877e-09 9.834147435406705995e-01
2.600340176540853918e+03 6.801753976423037784e+01 2.165130071063361278e-02 1.169551794921680210e-01 9.874889791078385326e-02 2.269289299836751680e-09 9.828643466337531054e-01
2.601303095064002719e+03 6.805829402108537352e+01 2.166585530762235937e-02 1.169483944809075887e-01 1.084550619852542863e-01 2.306502013796572386e-09 9.824508018428159684e-01
2.601303095064002719e+03 6.805829402108537352e+01 2.166585530762235937e-02 1.169483944809075887e-01 1.084550619852542863e-01 2.306502013796572386e-09 9.824508018428159684e-01
2.601303095064002719e+03 6.805829402108537352e+01 2.166585530762235937e-02 1.169483944809075887e-01 1.084550619852542863e-01 2.306502013796572386e-09 9.824508018428159684e-01
2.600111667363902598e+03 6.822743913622619516e+01 2.166251493941020317e-02 1.161918032850302318e-01 1.045930162246507672e-01 2.284464201928140516e-09 9.836304424062636276e-01
2.600111667363902598e+03 6.822743913622619516e+01 2.166251493941020317e-02 1.161918032850302318e-01 1.045930162246507672e-01 2.284464201928140516e-09 9.836304424062636276e-01
2.600111667363902598e+03 6.822743913622619516e+01 2.166251493941020317e-02 1.161918032850302318e-01 1.045930162246507672e-01 2.284464201928140516e-09 9.836304424062636276e-01
2.600111667363902598e+03 6.822743913622619516e+01 2.166251493941020317e-02 1.161918032850302318e-01 1.045930162246507672e-01 2.284464201928140516e-09 9.836304424062636276e-01
2.598849975882897525e+03 6.829744064651676183e+01 2.166099798806239707e-02 1.160241790687136787e-01 1.006947729580961043e-01 2.268909095587659688e-09 9.838175893813164707e-01
2.598849975882897525e+03 6.829744064651676183e+01 2.166099798806239707e-02 1.160241790687136787e-01 1.006947729580961043e-01 2.268909095587659688e-09 9.838175893813164707e-01
2.596930415154755337e+03 6.869869982784763351e+01 2.177163077049856788e-02 1.153093832617753112e-01 9.600646155625258693e-02 2.249002221725207542e-09 9.851158929873283787e-01
2.595280894844581780e+03 6.861649085076329868e+01 2.179680911471703481e-02 1.156025716400287534e-01 9.982800600215856190e-02 2.264704159538920602e-09 9.853376025287700068e-01
2.597466105545086975e+03 6.875417783163565844e+01 2.176094947202466059e-02 1.152456381780414679e-01 1.038061936247804545e-01 2.278692049758447078e-09 9.856692583300546984e-01
2.597466105545086975e+03 6.875417783163565844e+01 2.176094947202466059e-02 1.152456381780414679e-01 1.038061936247804545e-01 2.278692049758447078e-09 9.856692583300546984e-01
2.597656132467952375e+03 6.902715755309837675e+01 2.179670523799447437e-02 1.145459537329689276e-01 1.045315566176654998e-01 2.278344842220788726e-09 9.875251588012197157e-01
2.597656132467952375e+03 6.902715755309837675e+01 2.179670523799447437e-02 1.145459537329689276e-01 1.045315566176654998e-01 2.278344842220788726e-09 9.875251588012197157e-01
2.597656132467952375e+03 6.902715755309837675e+01 2.179670523799447437e-02 1.145459537329689276e-01 1.045315566176654998e-01 2.278344842220788726e-09 9.875251588012197157e-01
2.598796719788623705e+03 6.900543084981953257e+01 2.176285214424578118e-02 1.145438600559006287e-01 1.049812899665857474e-01 2.280165183512701084e-09 9.871470538494380165e-01
2.598796719788623705e+03 6.900543084981953257e+01 2.176285214424578118e-02 1.145438600559006287e-01 1.049812899665857474e-01 2.280165183512701084e-09 9.871470538494380165e-01
2.598796719788623705e+03 6.900543084981953257e+01 2.176285214424578118e-02 1.145438600559006287e-01 1.049812899665857474e-01 2.280165183512701084e-09 9.871470538494380165e-01
2.599189982172899363e+03 6.915359148971842274e+01 2.178226357098859631e-02 1.142096957234915722e-01 1.058938365785298541e-01 2.282109334911546813e-09 9.880793541863134299e-01
2.600087239797403072e+03 6.911943611769409301e+01 2.176351099086939328e-02 1.143236261875464344e-01 1.022399600560954525e-01 2.269278457969465167e-09 9.879009865432513138e-01
2.600087239797403072e+03 6.911943611769409301e+01 2.176351099086939328e-02 1.143236261875464344e-01 1.022399600560954525e-01 2.269278457969465167e-09 9.879009865432513138e-01
2.600306928960473670e+03 6.908115311046043416e+01 2.175110707021071788e-02 1.143874229991448110e-01 1.058967598661816889e-01 2.283243046553567081e-09 9.876570298568655426e-01
2.600306928960473670e+03 6.908115311046043416e+01 2.175110707021071788e-02 1.143874229991448110e-01 1.058967598661816889e-01 2.283243046553567081e-09 9.876570298568655426e-01
2.601314041827551137e+03 6.923746961331191585e+01 2.176530525839508526e-02 1.141426732313360753e-01 1.055031845291627413e-01 2.280685233064796772e-09 9.885021318974435145e-01
2.601314041827551137e+03 6.923746961331191585e+01 2.176530525839508526e-02 1.141426732313360753e-01 1.055031845291627413e-01 2.280685233064796772e-09 9.885021318974435145e-01
2.601314041827551137e+03 6.923746961331191585e+01 2.176530525839508526e-02 1.141426732313360753e-01 1.055031845291627413e-01 2.280685233064796772e-09 9.885021318974435145e-01
2.601314041827551137e+03 6.923746961331191585e+01 2.176530525839508526e-02 1.141426732313360753e-01 1.055031845291627413e-01 2.280685233064796772e-09 9.885021318974435145e-01
2.602509616188350719e+03 6.919907294441054546e+01 2.175163562328118888e-02 1.142064188242750689e-01 1.076758347005608157e-01 2.289106244887336646e-09 9.883932563211459410e-01
2.601667106438678729e+03 6.936703809374343166e+01 2.179947540102053841e-02 1.139286342655595752e-01 1.054335556866732165e-01 2.278666194426904516e-09 9.897297992556957080e-01
2.601539645879962791e+03 6.921082646438951258e+01 2.178333710839712445e-02 1.142723006438887828e-01 1.056402854834249394e-01 2.280515045680331706e-09 9.889680792075097315e-01
2.601539645879962791e+03 6.921082646438951258e+01 2.178333710839712445e-02 1.142723006438887828e-01 1.056402854834249394e-01 2.280515045680331706e-09 9.889680792075097315e-01
2.601539645879962791e+03 6.921082646438951258e+01 2.178333710839712445e-02 1.142723006438887828e-01 1.056402854834249394e-01 2.280515045680331706e-09 9.889680792075097315e-01
2.600050041324268477e+03 6.907798744668913571e+01 2.180301675235940886e-02 1.146947687404078070e-01 1.008246121406262408e-01 2.264728396147860628e-09 9.882710109673397136e-01
2.600050041324268477e+03 6.907798744668913571e+01 2.180301675235940886e-02 1.146947687404078070e-01 1.008246121406262408e-01 2.264728396147860628e-09 9.882710109673397136e-01
2.600328300041082912e+03 6.908650417133938504e+01 2.181163874189517154e-02 1.147424630129236511e-01 1.011376417049130311e-01 2.266056977672479315e-09 9.885044904770946550e-01
2.599805458268073835e+03 6.925187208097381131e+01 2.178398361844038553e-02 1.140247709265754111e-01 1.021925631143767027e-01 2.266970271616094447e-09 9.884410256656537275e-01
2.599805458268073835e+03 6.925187208097381131e+01 2.178398361844038553e-02 1.140247709265754111e-01 1.021925631143767027e-01 2.266970271616094447e-09 9.884410256656537275e-01
2.599437514737184756e+03 6.898006080050144817e+01 2.173686976478690289e-02 1.143152371583189830e-01 9.909469390988120963e-02 2.256253718346499835e-09 9.866498505906656780e-01
2.599437514737184756e+03 6.898006080050144817e+01 2.173686976478690289e-02 1.143152371583189830e-01 9.909469390988120963e-02 2.256253718346499835e-09 9.866498505906656780e-01
2.599437514737184756e+03 6.898006080050144817e+01 2.173686976478690289e-02 1.143152371583189830e-01 9.909469390988120963e-02 2.256253718346499835e-09 9.866498505906656780e-01
2.599812799824056583e+03 6.903309867474391126e+01 2.173267339879401613e-02 1.142562495798220695e-01 1.010060517855030648e-01 2.263334845844583101e-09 9.871215550497465241e-01
2.599812799824056583e+03 6.903309867474391126e+01 2.173267339879401613e-02 1.142562495798220695e-01 1.010060517855030648e-01 2.263334845844583101e-09 9.871215550497465241e-01
2.599812799824056583e+03 6.903309867474391126e+01 2.173267339879401613e-02 1.142562495798220695e-01 1.010060517855030648e-01 2.263334845844583101e-09 9.871215550497465241e-01
2.600275014516163537e+03 6.906024556639604839e+01 2.172819511547630436e-02 1.141683808718467058e-01 1.054422049577758980e-01 2.279735220029676795e-09 9.872750425968526145e-01
2.596814995797871688e+03 6.869263965042902953e+01 2.179908941177952780e-02 1.153972901970579390e-01 9.940476918421038699e-02 2.263569729577000212e-09 9.859294210914927303e-01
2.597602694718795647e+03 6.862845911529390719e+01 2.177139098546267831e-02 1.154575739901932130e-01 9.774786621742133363e-02 2.257398839807921096e-09 9.853859930334381012e-01
2.597602694718795647e+03 6.862845911529390719e+01 2.177139098546267831e-02 1.154575739901932130e-01 9.774786621742133363e-02 2.257398839807921096e-09 9.853859930334381012e-01
2.597602694718795647e+03 6.862845911529390719e+01 2.177139098546267831e-02 1.154575739901932130e-01 9.774786621742133363e-02 2.257398839807921096e-09 9.853859930334381012e-01
2.597602694718795647e+03 6.862845911529390719e+01 2.177139098546267831e-02 1.154575739901932130e-01 9.774786621742133363e-02 2.257398839807921096e-09 9.853859930334381012e-01
2.599135780699520183e+03 6.855423328431024288e+01 2.175986576914753015e-02 1.155923833823010310e-01 9.492901305068363049e-02 2.247299667862133367e-09 9.848752706078196528e-01
2.596115333894499145e+03 6.856825531326626333e+01 2.175742985911573169e-02 1.155356547380557986e-01 1.048767991236705666e-01 2.284745333674677157e-09 9.849984675677575519e-01
2.598227995211457710e+03 6.832583218714519546e+01 2.173202828467163741e-02 1.160187298189917504e-01 9.597420885561304404e-02 2.253132700517644754e-09 9.839916768559744398e-01
2.597687565890564201e+03 6.796655095683695436e+01 2.167165122537231467e-02 1.168401278858296893e-01 1.053106612425221827e-01 2.292406800539309517e-09 9.826078162806962668e-01
2.597903644931885992e+03 6.810703459767381673e+01 2.167824803769614894e-02 1.164664745327198547e-01 1.056851729806393969e-01 2.292519305327677224e-09 9.834887772945498652e-01
2.599623273202476412e+03 6.834786250448121336e+01 2.174173497424438176e-02 1.161094835061046021e-01 9.781679785141605965e-02 2.262218471969272275e-09 9.845697156817064810e-01
2.599623273202476412e+03 6.834786250448121336e+01 2.174173497424438176e-02 1.161094835061046021e-01 9.781679785141605965e-02 2.262218471969272275e-09 9.845697156817064810e-01
2.597708420976285652e+03 6.854253448851002872e+01 2.173710299361079207e-02 1.156430004606880113e-01 1.020840009471239151e-01 2.274921293298299143e-09 9.854072040869141791e-01
2.597708420976285652e+03 6.854253448851002872e+01 2.173710299361079207e-02 1.156430004606880113e-01 1.020840009471239151e-01 2.274921293298299143e-09 9.854072040869141791e-01
2.597708420976285652e+03 6.854253448851002872e+01 2.173710299361079207e-02 1.156430004606880113e-01 1.020840009471239151e-01 2.274921293298299143e-09 9.854072040869141791e-01
2.597708420976285652e+03 6.854253448851002872e+01 2.173710299361079207e-02 1.156430004606880113e-01 1.020840009471239151e-01 2.274921293298299143e-09 9.854072040869141791e-01
2.597708420976285652e+03 6.854253448851002872e+01 2.173710299361079207e-02 1.156430004606880113e-01 1.020840009471239151e-01 2.274921293298299143e-09 9.854072040869141791e-01
2.597817976911487676e+03 6.861603713207608735e+01 2.177353941244639796e-02 1.156095390414590834e-01 9.931936233284308080e-02 2.264278785518227234e-09 9.857167485819693376e-01
2.599299503290380471e+03 6.862115687600461911e+01 2.174167236043493198e-02 1.155432727080331623e-01 9.949490796357793321e-02 2.265734850056027928e-09 9.855149845600157388e-01
2.599299503290380471e+03 6.862115687600461911e+01 2.174167236043493198e-02 1.155432727080331623e-01 9.949490796357793321e-02 2.265734850056027928e-09 9.855149845600157388e-01
2.600049855571511216e+03 6.842903758194995589e+01 2.170578787161972847e-02 1.157571432929121180e-01 1.104134882604567436e-01 2.307731882139295395e-09 9.846124852224995561e-01
2.598816491314921223e+03 6.862620577758593754e+01 2.171121878616649389e-02 1.154416667705261967e-01 1.060715218693805695e-01 2.290983411815916603e-09 9.852900459169583458e-01
2.598816491314921223e+03 6.862620577758593754e+01 2.171121878616649389e-02 1.154416667705261967e-01 1.060715218693805695e-01 2.290983411815916603e-09 9.852900459169583458e-01
2.602942191328575518e+03 6.834674751087962363e+01 2.163875949407136415e-02 1.159297099857537344e-01 9.830873845074587780e-02 2.264878455192293006e-09 9.836556258383426510e-01
2.602942191328575518e+03 6.834674751087962363e+01 2.163875949407136415e-02 1.159297099857537344e-01 9.830873845074587780e-02 2.264878455192293006e-09 9.836556258383426510e-01
2.602942191328575518e+03 6.834674751087962363e+01 2.163875949407136415e-02 1.159297099857537344e-01 9.830873845074587780e-02 2.264878455192293006e-09 9.836556258383426510e-01
2.602942191328575518e+03 6.834674751087962363e+01 2.163875949407136415e-02 1.159297099857537344e-01 9.830873845074587780e-02 2.264878455192293006e-09 9.836556258383426510e-01
2.596915323167408133e+03 6.922098073822370168e+01 2.193337461019851525e-02 1.140944558418536536e-01 1.130613471252938790e-01 2.311438924014638984e-09 9.903179974550234688e-01
2.597016219358818944e+03 6.919256422068775692e+01 2.190701033278805165e-02 1.140950158885946919e-01 1.100829985073216305e-01 2.300001670816448475e-09 9.899272833163215157e-01
2.599435570904849101e+03 6.891069208481115993e+01 2.182891450900015240e-02 1.148729973160591833e-01 1.062693527234168239e-01 2.290209672012717862e-09 9.885535474083313456e-01
2.600342240892536665e+03 6.929571058061725353e+01 2.193351296856173652e-02 1.144383827009024801e-01 1.070240330524139111e-01 2.289843260194982672e-09 9.911026997326842780e-01
2.600342240892536665e+03 6.929571058061725353e+01 2.193351296856173652e-02 1.144383827009024801e-01 1.070240330524139111e-01 2.289843260194982672e-09 9.911026997326842780e-01
2.600342240892536665e+03 6.929571058061725353e+01 2.193351296856173652e-02 1.144383827009024801e-01 1.070240330524139111e-01 2.289843260194982672e-09 9.911026997326842780e-01
2.600342240892536665e+03 6.929571058061725353e+01 2.193351296856173652e-02 1.144383827009024801e-01 1.070240330524139111e-01 2.289843260194982672e-09 9.911026997326842780e-01
2.600342240892536665e+03 6.929571058061725353e+01 2.193351296856173652e-02 1.144383827009024801e-01 1.070240330524139111e-01 2.289843260194982672e-09 9.911026997326842780e-01
2.599411100589449234e+03 6.926392537574355401e+01 2.195535264880131218e-02 1.146140389523916531e-01 1.103050568364982303e-01 2.303160127788944254e-09 9.910129654349133510e-01
2.599411100589449234e+03 6.926392537574355401e+01 2.195535264880131218e-02 1.146140389523916531e-01 1.103050568364982303e-01 2.303160127788944254e-09 9.910129654349133510e-01
2.600297547167068842e+03 6.939913591351694322e+01 2.196703150026635062e-02 1.142646755549321935e-01 1.057128670545445931e-01 2.283533237307406577e-09 9.915345185313507725e-01
2.600297547167068842e+03 6.939913591351694322e+01 2.196703150026635062e-02 1.142646755549321935e-01 1.057128670545445931e-01 2.283533237307406577e-09 9.915345185313507725e-01
2.599260691469664380e+03 6.955919041485375942e+01 2.202314740653140909e-02 1.140704165691123206e-01 1.091777144309183101e-01 2.295528730069494091e-09 9.923200487513880175e-01
2.599260691469664380e+03 6.955919041485375942e+01 2.202314740653140909e-02 1.140704165691123206e-01 1.091777144309183101e-01 2.295528730069494091e-09 9.923200487513880175e-01
2.603529407649063160e+03 6.942830117520000499e+01 2.199206121573751491e-02 1.142675083731056473e-01 1.010668363556492949e-01 2.266094754145369156e-09 9.915878142600229594e-01
2.599547712065432279e+03 6.955440938382663774e+01 2.200029120319705114e-02 1.138581269061607892e-01 1.110211960473076187e-01 2.300692875396858024e-09 9.926318595399837852e-01
2.604051231047847068e+03 6.943835357979290279e+01 2.196191257714109196e-02 1.140884473156537765e-01 1.177200296408174585e-01 2.327500564896816674e-09 9.917660066721172285e-01
2.604051231047847068e+03 6.943835357979290279e+01 2.196191257714109196e-02 1.140884473156537765e-01 1.177200296408174585e-01 2.327500564896816674e-09 9.917660066721172285e-01
2.604051231047847068e+03 6.943835357979290279e+01 2.196191257714109196e-02 1.140884473156537765e-01 1.177200296408174585e-01 2.327500564896816674e-09 9.917660066721172285e-01
2.604051231047847068e+03 6.943835357979290279e+01 2.196191257714109196e-02 1.140884473156537765e-01 1.177200296408174585e-01 2.327500564896816674e-09 9.917660066721172285e-01
2.599938325041170174e+03 6.949981379654893487e+01 2.195918342933146292e-02 1.139469210096695356e-01 1.127735215557420789e-01 2.308686645038593417e-09 9.919234699755444806e-01
2.599938325041170174e+03 6.949981379654893487e+01 2.195918342933146292e-02 1.139469210096695356e-01 1.127735215557420789e-01 2.308686645038593417e-09 9.919234699755444806e-01
2.599938325041170174e+03 6.949981379654893487e+01 2.195918342933146292e-02 1.139469210096695356e-01 1.127735215557420789e-01 2.308686645038593417e-09 9.919234699755444806e-01
2.599938325041170174e+03 6.949981379654893487e+01 2.195918342933146292e-02 1.139469210096695356e-01 1.127735215557420789e-01 2.308686645038593417e-09 9.919234699755444806e-01
2.600560823272475318e+03 6.955722077521537017e+01 2.197059465610595036e-02 1.137887604511606532e-01 1.146120585400850628e-01 2.314806110094587723e-09 9.922247915389142969e-01
2.598339082634828628e+03 6.949383434986538077e+01 2.197019409540498791e-02 1.138769863825537798e-01 1.100710032036058966e-01 2.298488017746340486e-09 9.917828003845341467e-01
2.599212288182818156e+03 6.949117784521209273e+01 2.199153704431376297e-02 1.138944335947009584e-01 1.152095818476973066e-01 2.317919097124739544e-09 9.919326564574871830e-01
2.599212288182818156e+03 6.949117784521209273e+01 2.199153704431376297e-02 1.138944335947009584e-01 1.152095818476973066e-01 2.317919097124739544e-09 9.919326564574871830e-01
2.599212288182818156e+03 6.949117784521209273e+01 2.199153704431376297e-02 1.138944335947009584e-01 1.152095818476973066e-01 2.317919097124739544e-09 9.919326564574871830e-01
2.597138603584702196e+03 6.919687989241454318e+01 2.193172480739684349e-02 1.144277559004210493e-01 1.064347107071355325e-01 2.286112122024489406e-09 9.900428939539828166e-01
2.597138603584702196e+03 6.919687989241454318e+01 2.193172480739684349e-02 1.144277559004210493e-01 1.064347107071355325e-01 2.286112122024489406e-09 9.900428939539828166e-01
2.597138603584702196e+03 6.919687989241454318e+01 2.193172480739684349e-02 1.144277559004210493e-01 1.064347107071355325e-01 2.286112122024489406e-09 9.900428939539828166e-01
2.597340130374917862e+03 6.922733988922070125e+01 2.192842150339650853e-02 1.143069653498782895e-01 1.108634541133051710e-01 2.302404921143924021e-09 9.902071722366410089e-01
2.597002863625820737e+03 6.926253804473626019e+01 2.192446258609849138e-02 1.141010561641336574e-01 1.089228400037345473e-01 2.293939395281099479e-09 9.903189883490574053e-01
2.598272691640303037e+03 6.950292879247797373e+01 2.195515522417635507e-02 1.136366322490166697e-01 1.108909715764570397e-01 2.299596178833294153e-09 9.918436450683710826e-01
2.598272691640303037e+03 6.950292879247797373e+01 2.195515522417635507e-02 1.136366322490166697e-01 1.108909715764570397e-01 2.299596178833294153e-09 9.918436450683710826e-01
2.598272691640303037e+03 6.950292879247797373e+01 2.195515522417635507e-02 1.136366322490166697e-01 1.108909715764570397e-01 2.299596178833294153e-09 9.918436450683710826e-01
2.597463705353739442e+03 6.896287972277471567e+01 2.187780490949610412e-02 1.146920575500874617e-01 1.095914137286806422e-01 2.301056674635531078e-09 9.891811674182872105e-01
2.597463705353739442e+03 6.896287972277471567e+01 2.187780490949610412e-02 1.146920575500874617e-01 1.095914137286806422e-01 2.301056674635531078e-09 9.891811674182872105e-01
2.601029006685047989e+03 6.894070897076986171e+01 2.187926167708440298e-02 1.147399226711325049e-01 1.048569382745326850e-01 2.283218340267374500e-09 9.895422496056874850e-01
2.600126878817453871e+03 6.891296936276994245e+01 2.189159654149849116e-02 1.148309486991691275e-01 1.160601411909012032e-01 2.325422335766667573e-09 9.897722808980625731e-01
2.597552935675245863e+03 6.810352964973438361e+01 2.189710516568538906e-02 1.166276528915921595e-01 1.121373383952328079e-01 2.318984223770444711e-09 9.863138310530694675e-01
2.598001646135178362e+03 6.808113381290776545e+01 2.191959314408594220e-02 1.167673599744870339e-01 1.129800658952514331e-01 2.324367629119038480e-09 9.865134618753615969e-01
2.598001646135178362e+03 6.808113381290776545e+01 2.191959314408594220e-02 1.167673599744870339e-01 1.129800658952514331e-01 2.324367629119038480e-09 9.865134618753615969e-01
2.600131052137577171e+03 6.782092402486939875e+01 2.185653346015111950e-02 1.171490099981917082e-01 1.072103152279670069e-01 2.304371081190129089e-09 9.849930061274506654e-01
2.600131052137577171e+03 6.782092402486939875e+01 2.185653346015111950e-02 1.171490099981917082e-01 1.072103152279670069e-01 2.304371081190129089e-09 9.849930061274506654e-01
2.600131052137577171e+03 6.782092402486939875e+01 2.185653346015111950e-02 1.171490099981917082e-01 1.072103152279670069e-01 2.304371081190129089e-09 9.849930061274506654e-01
2.597803742084752230e+03 6.803710476686960362e+01 2.192125520929298979e-02 1.168067020368160208e-01 1.148065648284303381e-01 2.331425307260931688e-09 9.860959634538274399e-01
2.597803742084752230e+03 6.803710476686960362e+01 2.192125520929298979e-02 1.168067020368160208e-01 1.148065648284303381e-01 2.331425307260931688e-09 9.860959634538274399e-01
2.597803742084752230e+03 6.803710476686960362e+01 2.192125520929298979e-02 1.168067020368160208e-01 1.148065648284303381e-01 2.331425307260931688e-09 9.860959634538274399e-01
2.597803742084752230e+03 6.803710476686960362e+01 2.192125520929298979e-02 1.168067020368160208e-01 1.148065648284303381e-01 2.331425307260931688e-09 9.860959634538274399e-01
2.597803742084752230e+03 6.803710476686960362e+01 2.192125520929298979e-02 1.168067020368160208e-01 1.148065648284303381e-01 2.331425307260931688e-09 9.860959634538274399e-01
2.599366045434861007e+03 6.805426744727691357e+01 2.193629642745205735e-02 1.168130752265916505e-01 1.180054234964260929e-01 2.343509506868537387e-09 9.862056479936321951e-01
2.598238408607810925e+03 6.824395539314713233e+01 2.207989991249308809e-02 1.168933458598640923e-01 1.199835533002288485e-01 2.353295871414519108e-09 9.868685109803796429e-01
2.598238408607810925e+03 6.824395539314713233e+01 2.207989991249308809e-02 1.168933458598640923e-01 1.199835533002288485e-01 2.353295871414519108e-09 9.868685109803796429e-01
2.598238408607810925e+03 6.824395539314713233e+01 2.207989991249308809e-02 1.168933458598640923e-01 1.199835533002288485e-01 2.353295871414519108e-09 9.868685109803796429e-01
2.597846464741846376e+03 6.801937468562016420e+01 2.199183007420007357e-02 1.170990915526557846e-01 1.195754584239419605e-01 2.352110585022102346e-09 9.851053823498631123e-01
2.597846464741846376e+03 6.801937468562016420e+01 2.199183007420007357e-02 1.170990915526557846e-01 1.195754584239419605e-01 2.352110585022102346e-09 9.851053823498631123e-01
2.597846464741846376e+03 6.801937468562016420e+01 2.199183007420007357e-02 1.170990915526557846e-01 1.195754584239419605e-01 2.352110585022102346e-09 9.851053823498631123e-01
2.594879925238613851e+03 6.797246520571559358e+01 2.197695424152252761e-02 1.171713678567907063e-01 1.138655382999601423e-01 2.331150022969724237e-09 9.849449436184405382e-01
2.594879925238613851e+03 6.797246520571559358e+01 2.197695424152252761e-02 1.171713678567907063e-01 1.138655382999601423e-01 2.331150022969724237e-09 9.849449436184405382e-01
2.594773279763893697e+03 6.795589773056001093e+01 2.196544494662713148e-02 1.171654995702676449e-01 1.125920653722734116e-01 2.326042246636250453e-09 9.847845830698785941e-01
2.594065133688152400e+03 6.781278739370678466e+01 2.195765309988586753e-02 1.175199614366556344e-01 1.076593505247343263e-01 2.309234666690682204e-09 9.832867678418478752e-01
2.592182272188337720e+03 6.797358909074995381e+01 2.202256335924147185e-02 1.175340887543850216e-01 1.127762025696131543e-01 2.329267376181776555e-09 9.839571219424262383e-01
2.592182272188337720e+03 6.797358909074995381e+01 2.202256335924147185e-02 1.175340887543850216e-01 1.127762025696131543e-01 2.329267376181776555e-09 9.839571219424262383e-01
2.592182272188337720e+03 6.797358909074995381e+01 2.202256335924147185e-02 1.175340887543850216e-01 1.127762025696131543e-01 2.329267376181776555e-09 9.839571219424262383e-01
2.592083217011205761e+03 6.808497423006861027e+01 2.204546466079075964e-02 1.172297713403819136e-01 1.120073549670643348e-01 2.324803395498514047e-09 9.845455800908654576e-01
2.593044931383610674e+03 6.800626405859583201e+01 2.203702764312764559e-02 1.174527738817259803e-01 1.083231992979769853e-01 2.312181124595472821e-09 9.840857873229551522e-01
2.592287344387983921e+03 6.804713266235296487e+01 2.205134363669472228e-02 1.173826069625724666e-01 1.119815603033159634e-01 2.325691252155710892e-09 9.844259109777100392e-01
2.594556405625046864e+03 6.784424244262955028e+01 2.200019985294263125e-02 1.177940927078682393e-01 1.060829584194517422e-01 2.304509606595624096e-09 9.835489859155785997e-01
2.594556405625046864e+03 6.784424244262955028e+01 2.200019985294263125e-02 1.177940927078682393e-01 1.060829584194517422e-01 2.304509606595624096e-09 9.835489859155785997e-01
2.594556405625046864e+03 6.784424244262955028e+01 2.200019985294263125e-02 1.177940927078682393e-01 1.060829584194517422e-01 2.304509606595624096e-09 9.835489859155785997e-01
2.591260614883410199e+03 6.808693221410146634e+01 2.206917699351193529e-02 1.171184841408716426e-01 1.141472806573405746e-01 2.333321483059642589e-09 9.841582101911975355e-01
2.592371105659800378e+03 6.781875747554867928e+01 2.204791662120281215e-02 1.177765957083608817e-01 1.065011860616042194e-01 2.307596684898763217e-09 9.822838679930490091e-01
2.592371105659800378e+03 6.781875747554867928e+01 2.204791662120281215e-02 1.177765957083608817e-01 1.065011860616042194e-01 2.307596684898763217e-09 9.822838679930490091e-01
2.590397672513499401e+03 6.782397631866369636e+01 2.204234836208748827e-02 1.176949026238453683e-01 1.146253969805847289e-01 2.337632423162296539e-09 9.821475220835361730e-01
2.590397672513499401e+03 6.782397631866369636e+01 2.204234836208748827e-02 1.176949026238453683e-01 1.146253969805847289e-01 2.337632423162296539e-09 9.821475220835361730e-01
2.590397672513499401e+03 6.782397631866369636e+01 2.204234836208748827e-02 1.176949026238453683e-01 1.146253969805847289e-01 2.337632423162296539e-09 9.821475220835361730e-01
2.590397672513499401e+03 6.782397631866369636e+01 2.204234836208748827e-02 1.176949026238453683e-01 1.146253969805847289e-01 2.337632423162296539e-09 9.821475220835361730e-01
2.589737981120274981e+03 6.778594524992455206e+01 2.204141942055623180e-02 1.178177561534275719e-01 1.091299395839952224e-01 2.317651650668907733e-09 9.817445950771565011e-01
2.589737981120274981e+03 6.778594524992455206e+01 2.204141942055623180e-02 1.178177561534275719e-01 1.091299395839952224e-01 2.317651650668907733e-09 9.817445950771565011e-01
2.589737981120274981e+03 6.778594524992455206e+01 2.204141942055623180e-02 1.178177561534275719e-01 1.091299395839952224e-01 2.317651650668907733e-09 9.817445950771565011e-01
2.589600479837128660e+03 6.766597382461624477e+01 2.201952347116516856e-02 1.180629986355772598e-01 1.075835043217691356e-01 2.313109028689249714e-09 9.808131501439169009e-01
2.589600479837128660e+03 6.766597382461624477e+01 2.201952347116516856e-02 1.180629986355772598e-01 1.075835043217691356e-01 2.313109028689249714e-09 9.808131501439169009e-01
2.589862067340867270e+03 6.764264217734209694e+01 2.201082528090853724e-02 1.180568780174009874e-01 1.072868282875312773e-01 2.311771003357833485e-09 9.807144329217722944e-01
2.589862067340867270e+03 6.764264217734209694e+01 2.201082528090853724e-02 1.180568780174009874e-01 1.072868282875312773e-01 2.311771003357833485e-09 9.807144329217722944e-01
2.588876723050667351e+03 6.749916686172693403e+01 2.199853316895831329e-02 1.184690915239140913e-01 1.120554898991989040e-01 2.331766135511731927e-09 9.798175426956846623e-01
2.590213198676475258e+03 6.762014720645501598e+01 2.200680247152226113e-02 1.182458887925367241e-01 1.151269321031954673e-01 2.342341706632754073e-09 9.803749378559839522e-01
2.590544672059858385e+03 6.769944150313828857e+01 2.198467244549255975e-02 1.179973834497873436e-01 1.157546252424399152e-01 2.343635653152361992e-09 9.806535308124084693e-01
2.590544672059858385e+03 6.769944150313828857e+01 2.198467244549255975e-02 1.179973834497873436e-01 1.157546252424399152e-01 2.343635653152361992e-09 9.806535308124084693e-01
2.590544672059858385e+03 6.769944150313828857e+01 2.198467244549255975e-02 1.179973834497873436e-01 1.157546252424399152e-01 2.343635653152361992e-09 9.806535308124084693e-01
2.590752425387776384e+03 6.759770388330942126e+01 2.196657857280001624e-02 1.181730812274059267e-01 1.155723483073818059e-01 2.343579013385707552e-09 9.799777128876298038e-01
2.587537829720352875e+03 6.777894939579383049e+01 2.197087311359341433e-02 1.177024808878139178e-01 1.107222199017368625e-01 2.323089309944437571e-09 9.805829617729835412e-01
2.587537829720352875e+03 6.777894939579383049e+01 2.197087311359341433e-02 1.177024808878139178e-01 1.107222199017368625e-01 2.323089309944437571e-09 9.805829617729835412e-01
2.588152776359981544e+03 6.759668498985548979e+01 2.193179040689046191e-02 1.180310373682423725e-01 1.114635532377051541e-01 2.327543645169720104e-09 9.796407633114785352e-01
2.588152776359981544e+03 6.759668498985548979e+01 2.193179040689046191e-02 1.180310373682423725e-01 1.114635532377051541e-01 2.327543645169720104e-09 9.796407633114785352e-01
2.588152776359981544e+03 6.759668498985548979e+01 2.193179040689046191e-02 1.180310373682423725e-01 1.114635532377051541e-01 2.327543645169720104e-09 9.796407633114785352e-01
2.588127888288341637e+03 6.761546305244608845e+01 2.192959601248622298e-02 1.179418837399487247e-01 1.093814297091395410e-01 2.319361437065121772e-09 9.798288332446466464e-01
2.588127888288341637e+03 6.761546305244608845e+01 2.192959601248622298e-02 1.179418837399487247e-01 1.093814297091395410e-01 2.319361437065121772e-09 9.798288332446466464e-01
2.588431172263907229e+03 6.760542728053810890e+01 2.193104133417855817e-02 1.179514554560941730e-01 1.102286686481581679e-01 2.322478783334984578e-09 9.799479572875104960e-01
2.588918029253727582e+03 6.752505151166023722e+01 2.190993127048209907e-02 1.180761612275947336e-01 1.095978672518059527e-01 2.320683250477654716e-09 9.796404066202440974e-01
2.589467659858762545e+03 6.730877563838993183e+01 2.184283661698389889e-02 1.184382316552087117e-01 1.055688650938580164e-01 2.306778055487194378e-09 9.779989640085798852e-01
2.589467659858762545e+03 6.730877563838993183e+01 2.184283661698389889e-02 1.184382316552087117e-01 1.055688650938580164e-01 2.306778055487194378e-09 9.779989640085798852e-01
2.589467659858762545e+03 6.730877563838993183e+01 2.184283661698389889e-02 1.184382316552087117e-01 1.055688650938580164e-01 2.306778055487194378e-09 9.779989640085798852e-01
2.589467659858762545e+03 6.730877563838993183e+01 2.184283661698389889e-02 1.184382316552087117e-01 1.055688650938580164e-01 2.306778055487194378e-09 9.779989640085798852e-01
2.589583463666370790e+03 6.739423423300230809e+01 2.185782298573979779e-02 1.182509614516259883e-01 1.090841056604258119e-01 2.319067518959796858e-09 9.789329437868146133e-01
2.589583463666370790e+03 6.739423423300230809e+01 2.185782298573979779e-02 1.182509614516259883e-01 1.090841056604258119e-01 2.319067518959796858e-09 9.789329437868146133e-01
2.589759980619608996e+03 6.736440145563894077e+01 2.187103660301371183e-02 1.183846005871817958e-01 1.115328411520091628e-01 2.329247611185525076e-09 9.788203563315421851e-01
2.588313820629691691e+03 6.757310008351845454e+01 2.196599189595632023e-02 1.180960760164259105e-01 1.071500703965880541e-01 2.311646118893660053e-09 9.795813183574255678e-01
2.587011801940606347e+03 6.762423529447984549e+01 2.194511617302873779e-02 1.180202650513679091e-01 1.109249620152698845e-01 2.325591468651193258e-09 9.791830555731189101e-01
2.587258642921604405e+03 6.785312465898795153e+01 2.202596690633820686e-02 1.176361550428016711e-01 1.087692142938855161e-01 2.316245549282810387e-09 9.808793681010414822e-01
2.587258642921604405e+03 6.785312465898795153e+01 2.202596690633820686e-02 1.176361550428016711e-01 1.087692142938855161e-01 2.316245549282810387e-09 9.808793681010414822e-01
2.587258642921604405e+03 6.785312465898795153e+01 2.202596690633820686e-02 1.176361550428016711e-01 1.087692142938855161e-01 2.316245549282810387e-09 9.808793681010414822e-01
2.587258642921604405e+03 6.785312465898795153e+01 2.202596690633820686e-02 1.176361550428016711e-01 1.087692142938855161e-01 2.316245549282810387e-09 9.808793681010414822e-01
2.587258642921604405e+03 6.785312465898795153e+01 2.202596690633820686e-02 1.176361550428016711e-01 1.087692142938855161e-01 2.316245549282810387e-09 9.808793681010414822e-01
2.587400847365887330e+03 6.793814751374327443e+01 2.204495863133703465e-02 1.174543213966215971e-01 1.104158647159277640e-01 2.321338318583577827e-09 9.815858379094348773e-01
2.587400847365887330e+03 6.793814751374327443e+01 2.204495863133703465e-02 1.174543213966215971e-01 1.104158647159277640e-01 2.321338318583577827e-09 9.815858379094348773e-01
2.587562371139098559e+03 6.784592891840080142e+01 2.202341821199487251e-02 1.176636814968075179e-01 1.110955079817612656e-01 2.324864381416522649e-09 9.811912521664173381e-01
2.587562371139098559e+03 6.784592891840080142e+01 2.202341821199487251e-02 1.176636814968075179e-01 1.110955079817612656e-01 2.324864381416522649e-09 9.811912521664173381e-01
2.588360283658495518e+03 6.786348726895252526e+01 2.202649083521268994e-02 1.176374682955672601e-01 1.120307408909459457e-01 2.328083487898127161e-09 9.816839768863107052e-01
2.589537659607505248e+03 6.779388615325291312e+01 2.203503567499066548e-02 1.177980667570879963e-01 1.141031548567724013e-01 2.336266043289986373e-09 9.815998814754086643e-01
2.589537659607505248e+03 6.779388615325291312e+01 2.203503567499066548e-02 1.177980667570879963e-01 1.141031548567724013e-01 2.336266043289986373e-09 9.815998814754086643e-01
2.592151897780162926e+03 6.766565586983445257e+01 2.200674029694532630e-02 1.181135170714364552e-01 1.035890064575012565e-01 2.297985232471613904e-09 9.808832684768631349e-01
2.586349217529959787e+03 6.748479030640521614e+01 2.201980029650052809e-02 1.187124944187042397e-01 1.124270736280470889e-01 2.336346136207693983e-09 9.783414329467330361e-01
2.586349217529959787e+03 6.748479030640521614e+01 2.201980029650052809e-02 1.187124944187042397e-01 1.124270736280470889e-01 2.336346136207693983e-09 9.783414329467330361e-01
2.586349217529959787e+03 6.748479030640521614e+01 2.201980029650052809e-02 1.187124944187042397e-01 1.124270736280470889e-01 2.336346136207693983e-09 9.783414329467330361e-01
2.586554981250546916e+03 6.763264285293315936e+01 2.204106957577722792e-02 1.183848400189122657e-01 1.137552600804066505e-01 2.339829231699346881e-09 9.790978595145877206e-01
2.585314108056892564e+03 6.827397630345876678e+01 2.209218500443873440e-02 1.168550448812720188e-01 1.102446663397147614e-01 2.318127397368861448e-09 9.822887795864341243e-01
2.586921340793110176e+03 6.836825849158317681e+01 2.211156456497919906e-02 1.166882217613762346e-01 1.099787032211659021e-01 2.316797647588788964e-09 9.834618055516485269e-01
2.586921340793110176e+03 6.836825849158317681e+01 2.211156456497919906e-02 1.166882217613762346e-01 1.099787032211659021e-01 2.316797647588788964e-09 9.834618055516485269e-01
2.586921340793110176e+03 6.836825849158317681e+01 2.211156456497919906e-02 1.166882217613762346e-01 1.099787032211659021e-01 2.316797647588788964e-09 9.834618055516485269e-01
2.588338118225748531e+03 6.843452127142559505e+01 2.210403773858030108e-02 1.165298022222816671e-01 1.095457272409709887e-01 2.314325914150967251e-09 9.842611446708637857e-01
2.588338118225748531e+03 6.843452127142559505e+01 2.210403773858030108e-02 1.165298022222816671e-01 1.095457272409709887e-01 2.314325914150967251e-09 9.842611446708637857e-01
2.588338118225748531e+03 6.843452127142559505e+01 2.210403773858030108e-02 1.165298022222816671e-01 1.095457272409709887e-01 2.314325914150967251e-09 9.842611446708637857e-01
2.588213432524243672e+03 6.853712876975664869e+01 2.209336138773323674e-02 1.161393386572763531e-01 1.153096300096483895e-01 2.333788609832280729e-09 9.847699114394161679e-01
2.588213432524243672e+03 6.853712876975664869e+01 2.209336138773323674e-02 1.161393386572763531e-01 1.153096300096483895e-01 2.333788609832280729e-09 9.847699114394161679e-01
2.588213432524243672e+03 6.853712876975664869e+01 2.209336138773323674e-02 1.161393386572763531e-01 1.153096300096483895e-01 2.333788609832280729e-09 9.847699114394161679e-01
2.590363386469033230e+03 6.863759928849800929e+01 2.211229516046117269e-02 1.158587736024424553e-01 1.193717200068883516e-01 2.348196410199789916e-09 9.853886840823498083e-01
2.588554559420935675e+03 6.843884856337966482e+01 2.206929408319336164e-02 1.161730413322497601e-01 1.129438659328033945e-01 2.324826266107332555e-09 9.845160187848375211e-01
2.588554559420935675e+03 6.843884856337966482e+01 2.206929408319336164e-02 1.161730413322497601e-01 1.129438659328033945e-01 2.324826266107332555e-09 9.845160187848375211e-01
2.588554559420935675e+03 6.843884856337966482e+01 2.206929408319336164e-02 1.161730413322497601e-01 1.129438659328033945e-01 2.324826266107332555e-09 9.845160187848375211e-01
2.588554559420935675e+03 6.843884856337966482e+01 2.206929408319336164e-02 1.161730413322497601e-01 1.129438659328033945e-01 2.324826266107332555e-09 9.845160187848375211e-01
2.590052314744041723e+03 6.845624758728939696e+01 2.206447349449615347e-02 1.161769569987209788e-01 1.178568925302587861e-01 2.343758275295250176e-09 9.846946803630725054e-01
2.588603924623002058e+03 6.848850910597866459e+01 2.204378308811311138e-02 1.161846453999155759e-01 1.118680954421988061e-01 2.321132537915674811e-09 9.847339236636634130e-01
2.588603924623002058e+03 6.848850910597866459e+01 2.204378308811311138e-02 1.161846453999155759e-01 1.118680954421988061e-01 2.321132537915674811e-09 9.847339236636634130e-01
2.588603924623002058e+03 6.848850910597866459e+01 2.204378308811311138e-02 1.161846453999155759e-01 1.118680954421988061e-01 2.321132537915674811e-09 9.847339236636634130e-01
2.588123357858290092e+03 6.861487898633946259e+01 2.207775503571385300e-02 1.160896359655291254e-01 1.146562823084219529e-01 2.332067680282751217e-09 9.851143507703079560e-01
2.588865254281161469e+03 6.860561221253095709e+01 2.207392130020879861e-02 1.160700088065024643e-01 1.166909974080899415e-01 2.339369583073004253e-09 9.850165055762818422e-01
2.588865254281161469e+03 6.860561221253095709e+01 2.207392130020879861e-02 1.160700088065024643e-01 1.166909974080899415e-01 2.339369583073004253e-09 9.850165055762818422e-01
2.589335833478707627e+03 6.850541779705667977e+01 2.206797493167430430e-02 1.163193347398568528e-01 1.177739555977651426e-01 2.344864372061005214e-09 9.843476269850526261e-01
2.591585435954856621e+03 6.857801460508876801e+01 2.209495684563132778e-02 1.162103292696391871e-01 1.194986971018595495e-01 2.350241897500325255e-09 9.852002254811698112e-01
2.588735228096956689e+03 6.834481422504541115e+01 2.203546373095062114e-02 1.165257846545542514e-01 1.128827825490695269e-01 2.326152381277415154e-09 9.841953655026280945e-01
2.591173135494820144e+03 6.826405869648037594e+01 2.203143335953971702e-02 1.168017058508147160e-01 1.172533794315842592e-01 2.343756297066713571e-09 9.838852048686025364e-01
2.591699655717237874e+03 6.799882978208279383e+01 2.200119957762574491e-02 1.174742769416241700e-01 1.035907438227017113e-01 2.295094485332268324e-09 9.823607649791986640e-01
2.591699655717237874e+03 6.799882978208279383e+01 2.200119957762574491e-02 1.174742769416241700e-01 1.035907438227017113e-01 2.295094485332268324e-09 9.823607649791986640e-01
2.591699655717237874e+03 6.799882978208279383e+01 2.200119957762574491e-02 1.174742769416241700e-01 1.035907438227017113e-01 2.295094485332268324e-09 9.823607649791986640e-01
2.592388243967623112e+03 6.792310516485844119e+01 2.202271434462960489e-02 1.175939763183555531e-01 1.180869245890793368e-01 2.350802665818802897e-09 9.823700299628825849e-01
2.595625662002411900e+03 6.746589509980142907e+01 2.190188479384679032e-02 1.186296329226911445e-01 1.012527290577926176e-01 2.293245869299278886e-09 9.796724843172396335e-01
2.591222798892120409e+03 6.824174462307077249e+01 2.201647340212710066e-02 1.169437858656136170e-01 1.121904973619254203e-01 2.327009644674346212e-09 9.845837581379196513e-01
2.591222798892120409e+03 6.824174462307077249e+01 2.201647340212710066e-02 1.169437858656136170e-01 1.121904973619254203e-01 2.327009644674346212e-09 9.845837581379196513e-01
2.591222798892120409e+03 6.824174462307077249e+01 2.201647340212710066e-02 1.169437858656136170e-01 1.121904973619254203e-01 2.327009644674346212e-09 9.845837581379196513e-01
2.591222798892120409e+03 6.824174462307077249e+01 2.201647340212710066e-02 1.169437858656136170e-01 1.121904973619254203e-01 2.327009644674346212e-09 9.845837581379196513e-01
2.591222798892120409e+03 6.824174462307077249e+01 2.201647340212710066e-02 1.169437858656136170e-01 1.121904973619254203e-01 2.327009644674346212e-09 9.845837581379196513e-01
2.591863655033495888e+03 6.824520554657422622e+01 2.204652212136263070e-02 1.168700041852312604e-01 1.123163622883257828e-01 2.326736796832826748e-09 9.849917502105828282e-01
2.591863655033495888e+03 6.824520554657422622e+01 2.204652212136263070e-02 1.168700041852312604e-01 1.123163622883257828e-01 2.326736796832826748e-09 9.849917502105828282e-01
2.592941184948888349e+03 6.853068449865746459e+01 2.211012591081466458e-02 1.163673042315559597e-01 1.134605243845916156e-01 2.328280483906976089e-09 9.869125727137878501e-01
2.592941184948888349e+03 6.853068449865746459e+01 2.211012591081466458e-02 1.163673042315559597e-01 1.134605243845916156e-01 2.328280483906976089e-09 9.869125727137878501e-01
2.592941184948888349e+03 6.853068449865746459e+01 2.211012591081466458e-02 1.163673042315559597e-01 1.134605243845916156e-01 2.328280483906976089e-09 9.869125727137878501e-01
2.591274064674038073e+03 6.905106151847424201e+01 2.211914634785281178e-02 1.149963536938092973e-01 1.188843975433336447e-01 2.343126552229559555e-09 9.884778105019330630e-01
2.591274064674038073e+03 6.905106151847424201e+01 2.211914634785281178e-02 1.149963536938092973e-01 1.188843975433336447e-01 2.343126552229559555e-09 9.884778105019330630e-01
2.591910616087440758e+03 6.902818118449891927e+01 2.211454332397760209e-02 1.150375686691319510e-01 1.205140210719675420e-01 2.349616003980546514e-09 9.883284980117433838e-01
2.591910616087440758e+03 6.902818118449891927e+01 2.211454332397760209e-02 1.150375686691319510e-01 1.205140210719675420e-01 2.349616003980546514e-09 9.883284980117433838e-01
2.591910616087440758e+03 6.902818118449891927e+01 2.211454332397760209e-02 1.150375686691319510e-01 1.205140210719675420e-01 2.349616003980546514e-09 9.883284980117433838e-01
2.591910616087440758e+03 6.902818118449891927e+01 2.211454332397760209e-02 1.150375686691319510e-01 1.205140210719675420e-01 2.349616003980546514e-09 9.883284980117433838e-01
2.591910616087440758e+03 6.902818118449891927e+01 2.211454332397760209e-02 1.150375686691319510e-01 1.205140210719675420e-01 2.349616003980546514e-09 9.883284980117433838e-01
2.591910616087440758e+03 6.902818118449891927e+01 2.211454332397760209e-02 1.150375686691319510e-01 1.205140210719675420e-01 2.349616003980546514e-09 9.883284980117433838e-01
2.590778164646677396e+03 6.928301153570099302e+01 2.210108609061309237e-02 1.141774805622689237e-01 1.164143229307440519e-01 2.328671796026642207e-09 9.889490705664591985e-01
2.590778164646677396e+03 6.928301153570099302e+01 2.210108609061309237e-02 1.141774805622689237e-01 1.164143229307440519e-01 2.328671796026642207e-09 9.889490705664591985e-01
2.590695082007068322e+03 6.926946946491614199e+01 2.210234478685408135e-02 1.142183601664221032e-01 1.158192575875250097e-01 2.326702019528502648e-09 9.889034071683535654e-01
2.591987624937371947e+03 6.928008429515449507e+01 2.210029269309995645e-02 1.142018789381218369e-01 1.114452659100147597e-01 2.310220373265326182e-09 9.889046559450356266e-01
2.591414259666241833e+03 6.943723649092741823e+01 2.212657794174852782e-02 1.138699776725664858e-01 1.163106813222819363e-01 2.327497377746165257e-09 9.899412768027425757e-01
2.591414259666241833e+03 6.943723649092741823e+01 2.212657794174852782e-02 1.138699776725664858e-01 1.163106813222819363e-01 2.327497377746165257e-09 9.899412768027425757e-01
2.591823528182003884e+03 6.943452503392131803e+01 2.212519915641837989e-02 1.138569390654412677e-01 1.129985450276629472e-01 2.314479956145276598e-09 9.897114011538055145e-01
2.591618572211745686e+03 6.949989719728800708e+01 2.213611674789687372e-02 1.137327991010952527e-01 1.172810856752001807e-01 2.330088314341735671e-09 9.902977036630392638e-01
2.591618572211745686e+03 6.949989719728800708e+01 2.213611674789687372e-02 1.137327991010952527e-01 1.172810856752001807e-01 2.330088314341735671e-09 9.902977036630392638e-01
2.592192533376980919e+03 6.943988100654948425e+01 2.213670999838847006e-02 1.138352285063844033e-01 1.184637319965214652e-01 2.334458944165941356e-09 9.901875642661465138e-01
2.592192533376980919e+03 6.943988100654948425e+01 2.213670999838847006e-02 1.138352285063844033e-01 1.184637319965214652e-01 2.334458944165941356e-09 9.901875642661465138e-01
2.591923882964596032e+03 6.934945856983196677e+01 2.211744961298286669e-02 1.140472860604938854e-01 1.157377527366667130e-01 2.325138287599268879e-09 9.898515411953903165e-01
2.592963360813061172e+03 6.961597643322693330e+01 2.213594604833655013e-02 1.134281986555713689e-01 1.186792067258479189e-01 2.333873780605036929e-09 9.912388248105672428e-01
2.593565929829245306e+03 6.949593870451573707e+01 2.210599208767926802e-02 1.136479261479742264e-01 1.143132540378984513e-01 2.318135974602306015e-09 9.907384470086008088e-01
2.593565929829245306e+03 6.949593870451573707e+01 2.210599208767926802e-02 1.136479261479742264e-01 1.143132540378984513e-01 2.318135974602306015e-09 9.907384470086008088e-01
2.593565929829245306e+03 6.949593870451573707e+01 2.210599208767926802e-02 1.136479261479742264e-01 1.143132540378984513e-01 2.318135974602306015e-09 9.907384470086008088e-01
2.591842253037431874e+03 6.936543498797830409e+01 2.209777940881884131e-02 1.140069395820024478e-01 1.169786290900090564e-01 2.329825786948982433e-09 9.897569383687391253e-01
2.591842253037431874e+03 6.936543498797830409e+01 2.209777940881884131e-02 1.140069395820024478e-01 1.169786290900090564e-01 2.329825786948982433e-09 9.897569383687391253e-01
2.591842253037431874e+03 6.936543498797830409e+01 2.209777940881884131e-02 1.140069395820024478e-01 1.169786290900090564e-01 2.329825786948982433e-09 9.897569383687391253e-01
2.591827465514104915e+03 6.932979329292150794e+01 2.209867417612002005e-02 1.140515747736337154e-01 1.149133930800135123e-01 2.322397791733543960e-09 9.895606309991467064e-01
2.591827465514104915e+03 6.932979329292150794e+01 2.209867417612002005e-02 1.140515747736337154e-01 1.149133930800135123e-01 2.322397791733543960e-09 9.895606309991467064e-01
2.592202869432750958e+03 6.934860096447073374e+01 2.209553350685415987e-02 1.139454471736276592e-01 1.125389641400734719e-01 2.312776803575088838e-09 9.893410305219532130e-01
2.592202869432750958e+03 6.934860096447073374e+01 2.209553350685415987e-02 1.139454471736276592e-01 1.125389641400734719e-01 2.312776803575088838e-09 9.893410305219532130e-01
2.592366761436549041e+03 6.933740222462346026e+01 2.207861676145530042e-02 1.139058906013909883e-01 1.120581560838869867e-01 2.310429840750274284e-09 9.891970436136279243e-01
2.592366761436549041e+03 6.933740222462346026e+01 2.207861676145530042e-02 1.139058906013909883e-01 1.120581560838869867e-01 2.310429840750274284e-09 9.891970436136279243e-01
2.592366761436549041e+03 6.933740222462346026e+01 2.207861676145530042e-02 1.139058906013909883e-01 1.120581560838869867e-01 2.310429840750274284e-09 9.891970436136279243e-01
2.591928578609060878e+03 6.934776557978202050e+01 2.207455273946403243e-02 1.138861453360276305e-01 1.147793425392322486e-01 2.320764422805708957e-09 9.893937694634347135e-01
2.592455191023240332e+03 6.924420182726247219e+01 2.206945036764453028e-02 1.141510773248616550e-01 1.190805435217535263e-01 2.338259342057806270e-09 9.888910229933502993e-01
2.591790124227771230e+03 6.919956397040992613e+01 2.205905789847994319e-02 1.143211412174313518e-01 1.146611519046202704e-01 2.322444701555201651e-09 9.889372827621119022e-01
2.591539999662249556e+03 6.940002380165626050e+01 2.211573431944833731e-02 1.140543063285957837e-01 1.171873656109786166e-01 2.331346264679111853e-09 9.899191884271203445e-01
2.591539999662249556e+03 6.940002380165626050e+01 2.211573431944833731e-02 1.140543063285957837e-01 1.171873656109786166e-01 2.331346264679111853e-09 9.899191884271203445e-01
2.591539999662249556e+03 6.940002380165626050e+01 2.211573431944833731e-02 1.140543063285957837e-01 1.171873656109786166e-01 2.331346264679111853e-09 9.899191884271203445e-01
2.591539999662249556e+03 6.940002380165626050e+01 2.211573431944833731e-02 1.140543063285957837e-01 1.171873656109786166e-01 2.331346264679111853e-09 9.899191884271203445e-01
2.593671601259854924e+03 6.949123870989033946e+01 2.216299917017995266e-02 1.139458778588423593e-01 1.224625986488119128e-01 2.350982878922144878e-09 9.903434429516028148e-01
2.590550943738998740e+03 6.926358751868271213e+01 2.213379206081970973e-02 1.143328198809908519e-01 1.174865526141310873e-01 2.333996869239079781e-09 9.889945086493208137e-01
2.592229263264813198e+03 6.919883764974706253e+01 2.214219281975039408e-02 1.143232947067528010e-01 1.113483160804057126e-01 2.310643246991432853e-09 9.884254575147941591e-01
2.592229263264813198e+03 6.919883764974706253e+01 2.214219281975039408e-02 1.143232947067528010e-01 1.113483160804057126e-01 2.310643246991432853e-09 9.884254575147941591e-01
2.590377344720466681e+03 6.911698134214334743e+01 2.212564784874371943e-02 1.145102573443973204e-01 1.155711904918297200e-01 2.327043855776897718e-09 9.881386542782366611e-01
2.593163781422273132e+03 6.893977764067203395e+01 2.214282671899446206e-02 1.152054616429780687e-01 1.219593599443846432e-01 2.354933940925326449e-09 9.877323499244190508e-01
2.592603659883728142e+03 6.873637144940434496e+01 2.208941944945270325e-02 1.155721771790952923e-01 1.087547293842042878e-01 2.306611710904707006e-09 9.865746446223622179e-01
2.592603659883728142e+03 6.873637144940434496e+01 2.208941944945270325e-02 1.155721771790952923e-01 1.087547293842042878e-01 2.306611710904707006e-09 9.865746446223622179e-01
2.591381477911331785e+03 6.851086107669023306e+01 2.200151885653668996e-02 1.159318296169410539e-01 1.143404524064979277e-01 2.329735659423928636e-09 9.859301121516537147e-01
2.591381477911331785e+03 6.851086107669023306e+01 2.200151885653668996e-02 1.159318296169410539e-01 1.143404524064979277e-01 2.329735659423928636e-09 9.859301121516537147e-01
2.591381477911331785e+03 6.851086107669023306e+01 2.200151885653668996e-02 1.159318296169410539e-01 1.143404524064979277e-01 2.329735659423928636e-09 9.859301121516537147e-01
2.591381477911331785e+03 6.851086107669023306e+01 2.200151885653668996e-02 1.159318296169410539e-01 1.143404524064979277e-01 2.329735659423928636e-09 9.859301121516537147e-01
2.591381477911331785e+03 6.851086107669023306e+01 2.200151885653668996e-02 1.159318296169410539e-01 1.143404524064979277e-01 2.329735659423928636e-09 9.859301121516537147e-01
2.591726319049909762e+03 6.853346714231204828e+01 2.201391993070307695e-02 1.158806844662423063e-01 1.179626044706434951e-01 2.342649237994828475e-09 9.858377717443400634e-01
2.593124957902419283e+03 6.851703927783380266e+01 2.198884090417121268e-02 1.158256083831171734e-01 1.183827333115317765e-01 2.343570012004047121e-09 9.861978065129414217e-01
2.593124957902419283e+03 6.851703927783380266e+01 2.198884090417121268e-02 1.158256083831171734e-01 1.183827333115317765e-01 2.343570012004047121e-09 9.861978065129414217e-01
2.593124957902419283e+03 6.851703927783380266e+01 2.198884090417121268e-02 1.158256083831171734e-01 1.183827333115317765e-01 2.343570012004047121e-09 9.861978065129414217e-01
2.589955454450446723e+03 6.856520356022851104e+01 2.191164132985905927e-02 1.158544236583469722e-01 1.132858570203283677e-01 2.324563210527131717e-09 9.836672361246190377e-01
2.591186044758482694e+03 6.870365289285037136e+01 2.190445971739704567e-02 1.154796035786739283e-01 1.150831048228598691e-01 2.330000665632556991e-09 9.840361995775421811e-01
2.591399114142529015e+03 6.909714978683132358e+01 2.195350991783977940e-02 1.146361444296037646e-01 1.160776431881488657e-01 2.330489215897895664e-09 9.865409245367031676e-01
2.591399114142529015e+03 6.909714978683132358e+01 2.195350991783977940e-02 1.146361444296037646e-01 1.160776431881488657e-01 2.330489215897895664e-09 9.865409245367031676e-01
2.591399114142529015e+03 6.909714978683132358e+01 2.195350991783977940e-02 1.146361444296037646e-01 1.160776431881488657e-01 2.330489215897895664e-09 9.865409245367031676e-01
2.591399114142529015e+03 6.909714978683132358e+01 2.195350991783977940e-02 1.146361444296037646e-01 1.160776431881488657e-01 2.330489215897895664e-09 9.865409245367031676e-01
2.592274061122422609e+03 6.907021256967992429e+01 2.196569233092162884e-02 1.147663722159129179e-01 1.172656406821080688e-01 2.335026376206512027e-09 9.863537986258863466e-01
2.592274061122422609e+03 6.907021256967992429e+01 2.196569233092162884e-02 1.147663722159129179e-01 1.172656406821080688e-01 2.335026376206512027e-09 9.863537986258863466e-01
2.593056798801781497e+03 6.920949314996775570e+01 2.198405147335353443e-02 1.144619447137039947e-01 1.186428135088703484e-01 2.339067746977607334e-09 9.866284528088453687e-01
2.591937184560131300e+03 6.890647316752709628e+01 2.193866094680635079e-02 1.149661070842306620e-01 1.043436701011495188e-01 2.286703225442774238e-09 9.849932123099306436e-01
2.589503540524985056e+03 6.880985984272751921e+01 2.194494395323218217e-02 1.149787895861557746e-01 1.114486304636779779e-01 2.311916658962089362e-09 9.849363269354116657e-01
2.589503540524985056e+03 6.880985984272751921e+01 2.194494395323218217e-02 1.149787895861557746e-01 1.114486304636779779e-01 2.311916658962089362e-09 9.849363269354116657e-01
2.591050392964933053e+03 6.876724147299030676e+01 2.190481205728648378e-02 1.147255483570844142e-01 1.069957376869082599e-01 2.293319017450781010e-09 9.841605456889616077e-01
2.591178687964466917e+03 6.787739067147703054e+01 2.180080685534789217e-02 1.165505025873854322e-01 1.078742234778965886e-01 2.304471545828278861e-09 9.796015846235850422e-01
2.591178687964466917e+03 6.787739067147703054e+01 2.180080685534789217e-02 1.165505025873854322e-01 1.078742234778965886e-01 2.304471545828278861e-09 9.796015846235850422e-01
2.591178687964466917e+03 6.787739067147703054e+01 2.180080685534789217e-02 1.165505025873854322e-01 1.078742234778965886e-01 2.304471545828278861e-09 9.796015846235850422e-01
2.591178687964466917e+03 6.787739067147703054e+01 2.180080685534789217e-02 1.165505025873854322e-01 1.078742234778965886e-01 2.304471545828278861e-09 9.796015846235850422e-01
2.591076605095199739e+03 6.785179538063552229e+01 2.179293933531568916e-02 1.165841666227081658e-01 1.081219372404865486e-01 2.305901829524190981e-09 9.788898863490645974e-01
2.593469412030871354e+03 6.823778408930438388e+01 2.183997159880960923e-02 1.158002447858595130e-01 1.138526384676484260e-01 2.324617284596381341e-09 9.798877701978899735e-01
2.592508715034126453e+03 6.775604095354164258e+01 2.174705475635542451e-02 1.168309525958067807e-01 1.101519803890419480e-01 2.315969129672546356e-09 9.769315145280861312e-01
2.592508715034126453e+03 6.775604095354164258e+01 2.174705475635542451e-02 1.168309525958067807e-01 1.101519803890419480e-01 2.315969129672546356e-09 9.769315145280861312e-01
2.589537491277846584e+03 6.786875619881844557e+01 2.177775229988140188e-02 1.167072587993743804e-01 1.049518690561562217e-01 2.296115127127124956e-09 9.779567057852556200e-01
2.589537491277846584e+03 6.786875619881844557e+01 2.177775229988140188e-02 1.167072587993743804e-01 1.049518690561562217e-01 2.296115127127124956e-09 9.779567057852556200e-01
2.589537491277846584e+03 6.786875619881844557e+01 2.177775229988140188e-02 1.167072587993743804e-01 1.049518690561562217e-01 2.296115127127124956e-09 9.779567057852556200e-01
2.589537491277846584e+03 6.786875619881844557e+01 2.177775229988140188e-02 1.167072587993743804e-01 1.049518690561562217e-01 2.296115127127124956e-09 9.779567057852556200e-01
2.590009435976994155e+03 6.804822843235753282e+01 2.177388982647370658e-02 1.163288840846130462e-01 1.073411804555161192e-01 2.303787236240575033e-09 9.786129509120293779e-01
2.590009435976994155e+03 6.804822843235753282e+01 2.177388982647370658e-02 1.163288840846130462e-01 1.073411804555161192e-01 2.303787236240575033e-09 9.786129509120293779e-01
2.590009435976994155e+03 6.804822843235753282e+01 2.177388982647370658e-02 1.163288840846130462e-01 1.073411804555161192e-01 2.303787236240575033e-09 9.786129509120293779e-01
2.590009435976994155e+03 6.804822843235753282e+01 2.177388982647370658e-02 1.163288840846130462e-01 1.073411804555161192e-01 2.303787236240575033e-09 9.786129509120293779e-01
2.589849663312027587e+03 6.801160167637709719e+01 2.177381972024573439e-02 1.164737141255516029e-01 1.082393621984179266e-01 2.308200942795235197e-09 9.782258937381477226e-01
2.589849663312027587e+03 6.801160167637709719e+01 2.177381972024573439e-02 1.164737141255516029e-01 1.082393621984179266e-01 2.308200942795235197e-09 9.782258937381477226e-01
2.592533048433364002e+03 6.801948655915803954e+01 2.179003546645701811e-02 1.163986073876377286e-01 1.129521144008596434e-01 2.325464945272994786e-09 9.783088858820900846e-01
2.590563466546976088e+03 6.787390886593256312e+01 2.175018482939949580e-02 1.166409380545895408e-01 1.041960811883862192e-01 2.293505445769439010e-09 9.776505999556046600e-01
2.590563466546976088e+03 6.787390886593256312e+01 2.175018482939949580e-02 1.166409380545895408e-01 1.041960811883862192e-01 2.293505445769439010e-09 9.776505999556046600e-01
2.591969291185801012e+03 6.788904819628309895e+01 2.175867395679839666e-02 1.166464306919809540e-01 1.008217222109140665e-01 2.281240537945226489e-09 9.776548154181854411e-01
2.591969291185801012e+03 6.788904819628309895e+01 2.175867395679839666e-02 1.166464306919809540e-01 1.008217222109140665e-01 2.281240537945226489e-09 9.776548154181854411e-01
2.589536938546759757e+03 6.798070599969442185e+01 2.178235268068801425e-02 1.164768382909739802e-01 1.064234129277288471e-01 2.301305847106905727e-09 9.783703927171121251e-01
2.589536938546759757e+03 6.798070599969442185e+01 2.178235268068801425e-02 1.164768382909739802e-01 1.064234129277288471e-01 2.301305847106905727e-09 9.783703927171121251e-01
2.593988769834939376e+03 6.788722919910928510e+01 2.174169417512116648e-02 1.166073557578031217e-01 9.886301297510506625e-02 2.273017743923296902e-09 9.779699275131074065e-01
2.590280426254670147e+03 6.836177195764419423e+01 2.182296945314985900e-02 1.156849838327716207e-01 1.081452726108157875e-01 2.305134322632074742e-09 9.812172047865350688e-01
2.590280426254670147e+03 6.836177195764419423e+01 2.182296945314985900e-02 1.156849838327716207e-01 1.081452726108157875e-01 2.305134322632074742e-09 9.812172047865350688e-01
2.590280426254670147e+03 6.836177195764419423e+01 2.182296945314985900e-02 1.156849838327716207e-01 1.081452726108157875e-01 2.305134322632074742e-09 9.812172047865350688e-01
2.592769201789293675e+03 6.826869735527738214e+01 2.179856798306332305e-02 1.157600590857242040e-01 1.038891282553245504e-01 2.288978501005528639e-09 9.805817760161915642e-01
2.595911329047057279e+03 6.828762719865102326e+01 2.177810598508137310e-02 1.155504753031623699e-01 1.014108630841006886e-01 2.278065283015303535e-09 9.805660650861485195e-01
2.595911329047057279e+03 6.828762719865102326e+01 2.177810598508137310e-02 1.155504753031623699e-01 1.014108630841006886e-01 2.278065283015303535e-09 9.805660650861485195e-01
2.596849343597139068e+03 6.853286901228962336e+01 2.182824771800348854e-02 1.151591663682076105e-01 9.954324254336381628e-02 2.269437903416249855e-09 9.815603452131139717e-01
2.596849343597139068e+03 6.853286901228962336e+01 2.182824771800348854e-02 1.151591663682076105e-01 9.954324254336381628e-02 2.269437903416249855e-09 9.815603452131139717e-01
2.596849343597139068e+03 6.853286901228962336e+01 2.182824771800348854e-02 1.151591663682076105e-01 9.954324254336381628e-02 2.269437903416249855e-09 9.815603452131139717e-01
2.593519365949048279e+03 6.849770985418722091e+01 2.181779066505376563e-02 1.149143800680470229e-01 1.096627851482624566e-01 2.308706999658643093e-09 9.807351288036356696e-01
2.593519365949048279e+03 6.849770985418722091e+01 2.181779066505376563e-02 1.149143800680470229e-01 1.096627851482624566e-01 2.308706999658643093e-09 9.807351288036356696e-01
2.597182717155149930e+03 6.851840157867482617e+01 2.185919843298814516e-02 1.148764246346269252e-01 1.049363006275264576e-01 2.291211164395689255e-09 9.808695436038336046e-01
2.597182717155149930e+03 6.851840157867482617e+01 2.185919843298814516e-02 1.148764246346269252e-01 1.049363006275264576e-01 2.291211164395689255e-09 9.808695436038336046e-01
2.595071432662540246e+03 6.854431611719330419e+01 2.183731816109570414e-02 1.146263423122479974e-01 1.156279641065605379e-01 2.331717588574789007e-09 9.809957199155011631e-01
2.593931397455682145e+03 6.868520389215150601e+01 2.181505478662409264e-02 1.144849608841517208e-01 1.133800921825000863e-01 2.322393125516810498e-09 9.801670629261233225e-01
2.593931397455682145e+03 6.868520389215150601e+01 2.181505478662409264e-02 1.144849608841517208e-01 1.133800921825000863e-01 2.322393125516810498e-09 9.801670629261233225e-01
2.597464532132788463e+03 6.889653888594453690e+01 2.186970256647237723e-02 1.140964081146360332e-01 1.197318495225213608e-01 2.344222259401284743e-09 9.807348798686638114e-01
2.592948271450743050e+03 6.878525395897435146e+01 2.186309393961454600e-02 1.143816414164947060e-01 1.071470402550018797e-01 2.298164052129103651e-09 9.791449848795108490e-01
2.592948271450743050e+03 6.878525395897435146e+01 2.186309393961454600e-02 1.143816414164947060e-01 1.071470402550018797e-01 2.298164052129103651e-09 9.791449848795108490e-01
2.595517220450771219e+03 6.867587782302003063e+01 2.181222869519429050e-02 1.143801980899837867e-01 1.092514417708753821e-01 2.305803121095171705e-09 9.784732255320353067e-01
2.595517220450771219e+03 6.867587782302003063e+01 2.181222869519429050e-02 1.143801980899837867e-01 1.092514417708753821e-01 2.305803121095171705e-09 9.784732255320353067e-01
2.595517220450771219e+03 6.867587782302003063e+01 2.181222869519429050e-02 1.143801980899837867e-01 1.092514417708753821e-01 2.305803121095171705e-09 9.784732255320353067e-01
2.590381832076679530e+03 6.808824110926380513e+01 2.187606265668657485e-02 1.163542585826522063e-01 1.017091249331595892e-01 2.286735683991665608e-09 9.769062737189679879e-01
2.590381832076679530e+03 6.808824110926380513e+01 2.187606265668657485e-02 1.163542585826522063e-01 1.017091249331595892e-01 2.286735683991665608e-09 9.769062737189679879e-01
2.590381832076679530e+03 6.808824110926380513e+01 2.187606265668657485e-02 1.163542585826522063e-01 1.017091249331595892e-01 2.286735683991665608e-09 9.769062737189679879e-01
2.586802384480773071e+03 6.782504489754610688e+01 2.181794909442520344e-02 1.170596043703489575e-01 1.055005102696276870e-01 2.303476768300602384e-09 9.748118630032016618e-01
2.590885946923810025e+03 6.772380814962566831e+01 2.179759217148514311e-02 1.172836870445359420e-01 1.113216683073909447e-01 2.326219885278936947e-09 9.737902996902287889e-01
2.587339695192664749e+03 6.809830684111769017e+01 2.182716871623424995e-02 1.164884917129444114e-01 1.053948118046648397e-01 2.300667272673372172e-09 9.758907076321789997e-01
2.587339695192664749e+03 6.809830684111769017e+01 2.182716871623424995e-02 1.164884917129444114e-01 1.053948118046648397e-01 2.300667272673372172e-09 9.758907076321789997e-01
2.587339695192664749e+03 6.809830684111769017e+01 2.182716871623424995e-02 1.164884917129444114e-01 1.053948118046648397e-01 2.300667272673372172e-09 9.758907076321789997e-01
2.587339695192664749e+03 6.809830684111769017e+01 2.182716871623424995e-02 1.164884917129444114e-01 1.053948118046648397e-01 2.300667272673372172e-09 9.758907076321789997e-01
2.587339695192664749e+03 6.809830684111769017e+01 2.182716871623424995e-02 1.164884917129444114e-01 1.053948118046648397e-01 2.300667272673372172e-09 9.758907076321789997e-01
2.587339695192664749e+03 6.809830684111769017e+01 2.182716871623424995e-02 1.164884917129444114e-01 1.053948118046648397e-01 2.300667272673372172e-09 9.758907076321789997e-01
2.587339695192664749e+03 6.809830684111769017e+01 2.182716871623424995e-02 1.164884917129444114e-01 1.053948118046648397e-01 2.300667272673372172e-09 9.758907076321789997e-01
2.587207495600431230e+03 6.811931992333533969e+01 2.183859954264361081e-02 1.164825302211732749e-01 1.079845264308598590e-01 2.310543758269824326e-09 9.759948130021722790e-01
2.587830196472444186e+03 6.817941410899172183e+01 2.186295723098073684e-02 1.164336582441864304e-01 1.111465862116435416e-01 2.322331451630520877e-09 9.764215951014749706e-01
2.585285050539187068e+03 6.818664470653891385e+01 2.189510842269319288e-02 1.164207548383365542e-01 1.080630287700074105e-01 2.312255953419456692e-09 9.760799757373762597e-01
2.585962900300753063e+03 6.837490415275702560e+01 2.190863906838703620e-02 1.160053327254273042e-01 1.113568048585101694e-01 2.322572389457225455e-09 9.774049641674732447e-01
2.585962900300753063e+03 6.837490415275702560e+01 2.190863906838703620e-02 1.160053327254273042e-01 1.113568048585101694e-01 2.322572389457225455e-09 9.774049641674732447e-01
2.585962900300753063e+03 6.837490415275702560e+01 2.190863906838703620e-02 1.160053327254273042e-01 1.113568048585101694e-01 2.322572389457225455e-09 9.774049641674732447e-01
2.585962900300753063e+03 6.837490415275702560e+01 2.190863906838703620e-02 1.160053327254273042e-01 1.113568048585101694e-01 2.322572389457225455e-09 9.774049641674732447e-01
2.581750007079242550e+03 6.896000791945525066e+01 2.219994767601332630e-02 1.152225410426811342e-01 1.123676271502432183e-01 2.320398498192650385e-09 9.826456268499371705e-01
2.581750007079242550e+03 6.896000791945525066e+01 2.219994767601332630e-02 1.152225410426811342e-01 1.123676271502432183e-01 2.320398498192650385e-09 9.826456268499371705e-01
2.581750007079242550e+03 6.896000791945525066e+01 2.219994767601332630e-02 1.152225410426811342e-01 1.123676271502432183e-01 2.320398498192650385e-09 9.826456268499371705e-01
2.581700661506728466e+03 6.897273584959931725e+01 2.219677966666245422e-02 1.151660816899217621e-01 1.101977345713640033e-01 2.311964446992813130e-09 9.826015172561234357e-01
2.581803445132300112e+03 6.906950549776469472e+01 2.220322040634685468e-02 1.149435572870544930e-01 1.108673207080207029e-01 2.313593480083124065e-09 9.830287289219685753e-01
2.581803445132300112e+03 6.906950549776469472e+01 2.220322040634685468e-02 1.149435572870544930e-01 1.108673207080207029e-01 2.313593480083124065e-09 9.830287289219685753e-01
