3.558637570813407820e+03 7.204715008403525189e+01 2.249122116417736489e-02 1.206313405987974874e-01 5.854942528973663615e-03 1.960825911142434363e-09 9.782742417044191230e-01
3.558637570813407820e+03 7.204715008403525189e+01 2.249122116417736489e-02 1.206313405987974874e-01 5.854942528973663615e-03 1.960825911142434363e-09 9.782742417044191230e-01
3.523415114266275850e+03 7.191545424313240176e+01 2.249659293983832450e-02 1.209687733881889687e-01 -9.135016048049461254e-03 1.904313774932411875e-09 9.763701101118276160e-01
3.523415114266275850e+03 7.191545424313240176e+01 2.249659293983832450e-02 1.209687733881889687e-01 -9.135016048049461254e-03 1.904313774932411875e-09 9.763701101118276160e-01
3.435496929386777992e+03 7.228403256023912604e+01 2.242218120635555353e-02 1.193544314486592872e-01 4.133239065715300919e-02 2.078540664629249073e-09 9.740449675320522749e-01
3.435496929386777992e+03 7.228403256023912604e+01 2.242218120635555353e-02 1.193544314486592872e-01 4.133239065715300919e-02 2.078540664629249073e-09 9.740449675320522749e-01
3.435496929386777992e+03 7.228403256023912604e+01 2.242218120635555353e-02 1.193544314486592872e-01 4.133239065715300919e-02 2.078540664629249073e-09 9.740449675320522749e-01
3.435496929386777992e+03 7.228403256023912604e+01 2.242218120635555353e-02 1.193544314486592872e-01 4.133239065715300919e-02 2.078540664629249073e-09 9.740449675320522749e-01
3.435496929386777992e+03 7.228403256023912604e+01 2.242218120635555353e-02 1.193544314486592872e-01 4.133239065715300919e-02 2.078540664629249073e-09 9.740449675320522749e-01
3.435496929386777992e+03 7.228403256023912604e+01 2.242218120635555353e-02 1.193544314486592872e-01 4.133239065715300919e-02 2.078540664629249073e-09 9.740449675320522749e-01
3.435501824174323247e+03 7.227390823107523943e+01 2.243393714315158535e-02 1.194444039022670295e-01 4.269969135473104804e-02 2.083721186439648839e-09 9.746599811560607840e-01
3.435501824174323247e+03 7.227390823107523943e+01 2.243393714315158535e-02 1.194444039022670295e-01 4.269969135473104804e-02 2.083721186439648839e-09 9.746599811560607840e-01
2.783995353523693666e+03 8.036804215387100214e+01 2.413171348594178589e-02 9.571406514714464464e-02 3.641003226679034865e-02 1.940952064967418596e-09 1.015920581795402677e+00
2.772955093990051409e+03 8.207395050614914567e+01 2.461359002726780376e-02 9.212611154490615850e-02 8.141754575707979558e-02 2.093325208059648741e-09 1.027777155681032673e+00
2.717836986240544775e+03 7.929666794083105685e+01 2.387911973277519195e-02 9.694211228997928753e-02 9.910765134476300087e-02 2.180196394276459067e-09 1.010863172458164039e+00
2.717836986240544775e+03 7.929666794083105685e+01 2.387911973277519195e-02 9.694211228997928753e-02 9.910765134476300087e-02 2.180196394276459067e-09 1.010863172458164039e+00
2.713600004556693420e+03 7.943772613628557622e+01 2.387833381408723324e-02 9.642999639458653405e-02 9.021618230948562356e-02 2.144071508903606349e-09 1.011864410321118513e+00
2.713600004556693420e+03 7.943772613628557622e+01 2.387833381408723324e-02 9.642999639458653405e-02 9.021618230948562356e-02 2.144071508903606349e-09 1.011864410321118513e+00
2.704688681883520076e+03 7.880131809574525903e+01 2.394325314290889073e-02 9.856078238614128517e-02 8.008546019819216821e-02 2.115322639298398086e-09 1.010281205424945261e+00
2.704688681883520076e+03 7.880131809574525903e+01 2.394325314290889073e-02 9.856078238614128517e-02 8.008546019819216821e-02 2.115322639298398086e-09 1.010281205424945261e+00
2.706568488048270410e+03 7.881786135026385409e+01 2.386662904725296228e-02 9.824613235254989196e-02 8.502368032350973714e-02 2.133093605938978161e-09 1.009213696790374648e+00
2.690385994725209912e+03 7.550075762696380366e+01 2.354969819025325845e-02 1.053464585058439124e-01 8.959227442524524132e-02 2.181228396898494390e-09 9.925284567759116161e-01
2.690085181090959850e+03 7.561494347889633616e+01 2.356938079945936418e-02 1.056577771189096682e-01 7.798169660521409030e-02 2.141396052799698714e-09 9.939818921910466010e-01
2.690085181090959850e+03 7.561494347889633616e+01 2.356938079945936418e-02 1.056577771189096682e-01 7.798169660521409030e-02 2.141396052799698714e-09 9.939818921910466010e-01
2.690085181090959850e+03 7.561494347889633616e+01 2.356938079945936418e-02 1.056577771189096682e-01 7.798169660521409030e-02 2.141396052799698714e-09 9.939818921910466010e-01
2.690085181090959850e+03 7.561494347889633616e+01 2.356938079945936418e-02 1.056577771189096682e-01 7.798169660521409030e-02 2.141396052799698714e-09 9.939818921910466010e-01
2.690085181090959850e+03 7.561494347889633616e+01 2.356938079945936418e-02 1.056577771189096682e-01 7.798169660521409030e-02 2.141396052799698714e-09 9.939818921910466010e-01
2.690085181090959850e+03 7.561494347889633616e+01 2.356938079945936418e-02 1.056577771189096682e-01 7.798169660521409030e-02 2.141396052799698714e-09 9.939818921910466010e-01
2.691306385946095361e+03 7.565619120365298045e+01 2.357276574715892400e-02 1.055992565328022770e-01 6.881889673457140810e-02 2.107003552120354413e-09 9.941712446555589500e-01
2.691306385946095361e+03 7.565619120365298045e+01 2.357276574715892400e-02 1.055992565328022770e-01 6.881889673457140810e-02 2.107003552120354413e-09 9.941712446555589500e-01
2.691807087150317329e+03 7.567152010695271258e+01 2.358275583258166025e-02 1.056102923682695066e-01 7.166120467113966386e-02 2.117956619398527852e-09 9.941912704904183329e-01
2.692701218988023356e+03 7.587051997813341586e+01 2.359538823136424213e-02 1.051664875649702124e-01 7.344171998462234452e-02 2.122393775242093961e-09 9.953013852032969178e-01
2.692993372657200780e+03 7.626186236952199238e+01 2.358072010511728933e-02 1.041335512100448613e-01 7.624545066393871584e-02 2.127567083925299720e-09 9.973819700779841257e-01
2.694999250233404837e+03 7.632770975065734831e+01 2.353380926568631251e-02 1.037660876307756747e-01 8.314718327099659967e-02 2.151610294745934316e-09 9.971374404276790449e-01
2.694999250233404837e+03 7.632770975065734831e+01 2.353380926568631251e-02 1.037660876307756747e-01 8.314718327099659967e-02 2.151610294745934316e-09 9.971374404276790449e-01
2.694999250233404837e+03 7.632770975065734831e+01 2.353380926568631251e-02 1.037660876307756747e-01 8.314718327099659967e-02 2.151610294745934316e-09 9.971374404276790449e-01
2.694999250233404837e+03 7.632770975065734831e+01 2.353380926568631251e-02 1.037660876307756747e-01 8.314718327099659967e-02 2.151610294745934316e-09 9.971374404276790449e-01
2.678767632492956182e+03 7.780474937159993942e+01 2.382647534838632994e-02 1.002217611846869250e-01 9.164019806907355847e-02 2.166684937910672354e-09 1.007487832620877599e+00
2.678767632492956182e+03 7.780474937159993942e+01 2.382647534838632994e-02 1.002217611846869250e-01 9.164019806907355847e-02 2.166684937910672354e-09 1.007487832620877599e+00
2.678472978284539749e+03 7.762667887075009787e+01 2.380664131788208515e-02 1.006669408707870639e-01 9.281892300379782079e-02 2.173139668240051840e-09 1.006687475014394151e+00
2.678472978284539749e+03 7.762667887075009787e+01 2.380664131788208515e-02 1.006669408707870639e-01 9.281892300379782079e-02 2.173139668240051840e-09 1.006687475014394151e+00
2.676564014522335583e+03 7.716344884991013942e+01 2.376417740566490189e-02 1.017752812771917786e-01 8.381664514804232358e-02 2.144499882583107696e-09 1.003778604272637986e+00
2.676564014522335583e+03 7.716344884991013942e+01 2.376417740566490189e-02 1.017752812771917786e-01 8.381664514804232358e-02 2.144499882583107696e-09 1.003778604272637986e+00
2.676564014522335583e+03 7.716344884991013942e+01 2.376417740566490189e-02 1.017752812771917786e-01 8.381664514804232358e-02 2.144499882583107696e-09 1.003778604272637986e+00
2.677737019064468313e+03 7.723071168000028308e+01 2.376299130464542414e-02 1.016591707372984377e-01 8.341483727321943875e-02 2.142855741037302508e-09 1.004234410148625356e+00
2.678483186680588005e+03 7.743571865550609346e+01 2.376208901558653219e-02 1.011761110592441226e-01 8.826438545973921967e-02 2.158701087575407579e-09 1.005736995917885235e+00
2.678483186680588005e+03 7.743571865550609346e+01 2.376208901558653219e-02 1.011761110592441226e-01 8.826438545973921967e-02 2.158701087575407579e-09 1.005736995917885235e+00
2.678483186680588005e+03 7.743571865550609346e+01 2.376208901558653219e-02 1.011761110592441226e-01 8.826438545973921967e-02 2.158701087575407579e-09 1.005736995917885235e+00
2.678483186680588005e+03 7.743571865550609346e+01 2.376208901558653219e-02 1.011761110592441226e-01 8.826438545973921967e-02 2.158701087575407579e-09 1.005736995917885235e+00
2.681681813962468368e+03 7.752649089214078515e+01 2.378763621973260453e-02 1.010665499728271438e-01 9.381466254804954330e-02 2.179271151351075471e-09 1.006265290420864433e+00
2.681681813962468368e+03 7.752649089214078515e+01 2.378763621973260453e-02 1.010665499728271438e-01 9.381466254804954330e-02 2.179271151351075471e-09 1.006265290420864433e+00
2.681813449249628775e+03 7.743040994635853735e+01 2.378357792457399394e-02 1.013659136056553750e-01 9.313627362474642679e-02 2.178199041047519245e-09 1.005981977032107899e+00
2.680279269156229930e+03 7.734747330356877626e+01 2.374773285708095191e-02 1.015540913394186867e-01 9.009358457987705349e-02 2.168755186933293787e-09 1.005784557668630841e+00
2.680279269156229930e+03 7.734747330356877626e+01 2.374773285708095191e-02 1.015540913394186867e-01 9.009358457987705349e-02 2.168755186933293787e-09 1.005784557668630841e+00
2.682900928898699021e+03 7.733028865960726250e+01 2.373513711682088273e-02 1.015135589821603568e-01 7.913375388044216474e-02 2.127168977618579496e-09 1.005055846765801064e+00
2.682628494270062674e+03 7.742322526801430627e+01 2.375836311874788068e-02 1.013767492273776882e-01 8.964004531824870670e-02 2.166862416513497543e-09 1.005252879664610077e+00
2.660304460516558265e+03 7.360855685143999949e+01 2.269604679624049465e-02 1.077233810863303248e-01 6.649048381991976009e-02 2.107560149806477534e-09 9.888957236337722057e-01
2.660304460516558265e+03 7.360855685143999949e+01 2.269604679624049465e-02 1.077233810863303248e-01 6.649048381991976009e-02 2.107560149806477534e-09 9.888957236337722057e-01
2.660304460516558265e+03 7.360855685143999949e+01 2.269604679624049465e-02 1.077233810863303248e-01 6.649048381991976009e-02 2.107560149806477534e-09 9.888957236337722057e-01
2.660304460516558265e+03 7.360855685143999949e+01 2.269604679624049465e-02 1.077233810863303248e-01 6.649048381991976009e-02 2.107560149806477534e-09 9.888957236337722057e-01
2.638822651618744658e+03 7.329086227739730930e+01 2.270784542392723440e-02 1.081465659997006556e-01 8.782732619006902719e-02 2.188750457204692733e-09 9.887373496059930211e-01
2.638822651618744658e+03 7.329086227739730930e+01 2.270784542392723440e-02 1.081465659997006556e-01 8.782732619006902719e-02 2.188750457204692733e-09 9.887373496059930211e-01
2.639618053592410433e+03 7.311900555073680152e+01 2.264820116565442396e-02 1.084113744491150139e-01 8.446903534996690055e-02 2.176856410010338311e-09 9.875716886260722527e-01
2.639237564316765656e+03 7.321010575606847226e+01 2.267653358902941424e-02 1.083170844911506281e-01 7.705182680268440887e-02 2.148799955672923184e-09 9.883775868571540446e-01
2.642694740987718433e+03 7.327036973521529717e+01 2.258844078685585607e-02 1.079457007690015069e-01 8.298912263297276992e-02 2.168289601764298949e-09 9.890465448334666565e-01
2.641491523892284476e+03 7.307180722301130515e+01 2.246662669027226292e-02 1.078268411513174374e-01 7.605937357008754618e-02 2.138487746118207888e-09 9.878163113550756380e-01
2.641491523892284476e+03 7.307180722301130515e+01 2.246662669027226292e-02 1.078268411513174374e-01 7.605937357008754618e-02 2.138487746118207888e-09 9.878163113550756380e-01
2.641491523892284476e+03 7.307180722301130515e+01 2.246662669027226292e-02 1.078268411513174374e-01 7.605937357008754618e-02 2.138487746118207888e-09 9.878163113550756380e-01
2.641491523892284476e+03 7.307180722301130515e+01 2.246662669027226292e-02 1.078268411513174374e-01 7.605937357008754618e-02 2.138487746118207888e-09 9.878163113550756380e-01
2.643587464025420559e+03 7.332244313061026730e+01 2.253293683515216958e-02 1.073259410951453025e-01 8.256795459730213727e-02 2.161222537776415110e-09 9.883834046110768767e-01
2.643587464025420559e+03 7.332244313061026730e+01 2.253293683515216958e-02 1.073259410951453025e-01 8.256795459730213727e-02 2.161222537776415110e-09 9.883834046110768767e-01
2.646844822363835192e+03 7.333771859127195114e+01 2.254008601545906196e-02 1.072472588121576725e-01 9.018212727421115460e-02 2.189283125033573478e-09 9.888236431982156960e-01
2.614392558753279445e+03 7.351985920498849225e+01 2.305934013121880774e-02 1.078670364111645741e-01 8.914736617792100304e-02 2.196353464167376330e-09 9.933580427353945197e-01
2.614392558753279445e+03 7.351985920498849225e+01 2.305934013121880774e-02 1.078670364111645741e-01 8.914736617792100304e-02 2.196353464167376330e-09 9.933580427353945197e-01
2.613979956437709916e+03 7.328971794979173637e+01 2.305322929593968395e-02 1.085115656942387541e-01 8.899355360069445553e-02 2.199146753658896540e-09 9.924748324006942291e-01
2.613979956437709916e+03 7.328971794979173637e+01 2.305322929593968395e-02 1.085115656942387541e-01 8.899355360069445553e-02 2.199146753658896540e-09 9.924748324006942291e-01
2.613383820771939099e+03 7.348332188185149505e+01 2.306502643332411506e-02 1.080968311410483440e-01 9.472876252687544019e-02 2.218798140639383540e-09 9.935893069089352103e-01
2.613383820771939099e+03 7.348332188185149505e+01 2.306502643332411506e-02 1.080968311410483440e-01 9.472876252687544019e-02 2.218798140639383540e-09 9.935893069089352103e-01
2.611942856191356896e+03 7.310454072848902740e+01 2.299844516869182717e-02 1.088747678344716419e-01 9.065632168981543892e-02 2.206624338634478121e-09 9.928384797998791589e-01
2.611942856191356896e+03 7.310454072848902740e+01 2.299844516869182717e-02 1.088747678344716419e-01 9.065632168981543892e-02 2.206624338634478121e-09 9.928384797998791589e-01
2.611391507842415649e+03 7.328063666989245917e+01 2.307457916868451905e-02 1.086228400769171099e-01 9.437897968890009148e-02 2.219906215542258077e-09 9.937475628898074786e-01
2.611391507842415649e+03 7.328063666989245917e+01 2.307457916868451905e-02 1.086228400769171099e-01 9.437897968890009148e-02 2.219906215542258077e-09 9.937475628898074786e-01
2.611206815158932386e+03 7.292843040635166574e+01 2.297860908486220113e-02 1.093397898223914533e-01 9.217472158532954984e-02 2.214232698661586765e-09 9.921921499096776342e-01
2.611206815158932386e+03 7.292843040635166574e+01 2.297860908486220113e-02 1.093397898223914533e-01 9.217472158532954984e-02 2.214232698661586765e-09 9.921921499096776342e-01
2.611206815158932386e+03 7.292843040635166574e+01 2.297860908486220113e-02 1.093397898223914533e-01 9.217472158532954984e-02 2.214232698661586765e-09 9.921921499096776342e-01
2.609521708285722525e+03 7.306219067859673544e+01 2.292894305193939053e-02 1.087106676073395367e-01 9.542541768129840507e-02 2.223945726619374214e-09 9.918954167865923210e-01
2.609521708285722525e+03 7.306219067859673544e+01 2.292894305193939053e-02 1.087106676073395367e-01 9.542541768129840507e-02 2.223945726619374214e-09 9.918954167865923210e-01
2.608817705213655245e+03 7.280509992797234986e+01 2.291860245020984135e-02 1.094428537791938966e-01 9.623162079254589385e-02 2.230755948466714658e-09 9.918597729188620704e-01
2.608817705213655245e+03 7.280509992797234986e+01 2.291860245020984135e-02 1.094428537791938966e-01 9.623162079254589385e-02 2.230755948466714658e-09 9.918597729188620704e-01
2.608817705213655245e+03 7.280509992797234986e+01 2.291860245020984135e-02 1.094428537791938966e-01 9.623162079254589385e-02 2.230755948466714658e-09 9.918597729188620704e-01
2.608817705213655245e+03 7.280509992797234986e+01 2.291860245020984135e-02 1.094428537791938966e-01 9.623162079254589385e-02 2.230755948466714658e-09 9.918597729188620704e-01
2.608892379727401476e+03 7.284793372909985010e+01 2.292452176412309098e-02 1.093545444989900417e-01 9.654859543020999357e-02 2.231136188810300449e-09 9.923559595980842030e-01
2.610639045476600586e+03 7.276915511459441177e+01 2.285692882480279409e-02 1.093742917479981758e-01 9.062962909751194618e-02 2.208538571617265840e-09 9.917756646243586216e-01
2.609312458494952807e+03 7.284735802548885886e+01 2.285318332009624379e-02 1.091064852098032195e-01 9.822192618352248994e-02 2.236294653740632090e-09 9.914641057691621073e-01
2.609312458494952807e+03 7.284735802548885886e+01 2.285318332009624379e-02 1.091064852098032195e-01 9.822192618352248994e-02 2.236294653740632090e-09 9.914641057691621073e-01
2.609312458494952807e+03 7.284735802548885886e+01 2.285318332009624379e-02 1.091064852098032195e-01 9.822192618352248994e-02 2.236294653740632090e-09 9.914641057691621073e-01
2.609312458494952807e+03 7.284735802548885886e+01 2.285318332009624379e-02 1.091064852098032195e-01 9.822192618352248994e-02 2.236294653740632090e-09 9.914641057691621073e-01
2.609312458494952807e+03 7.284735802548885886e+01 2.285318332009624379e-02 1.091064852098032195e-01 9.822192618352248994e-02 2.236294653740632090e-09 9.914641057691621073e-01
2.608960299907089393e+03 7.282862483180780089e+01 2.281507409481785612e-02 1.090382660685964428e-01 9.695654244473737859e-02 2.231420810132336308e-09 9.915579921698252086e-01
2.589411641192378738e+03 7.044666266817867495e+01 2.241373144046657565e-02 1.122816316628696270e-01 9.994546233241648203e-02 2.256601546748651129e-09 9.791680168077607771e-01
2.592929964467033642e+03 7.031327773468507303e+01 2.240855939267605984e-02 1.126611780938161639e-01 1.033958509530363973e-01 2.271379835495065381e-09 9.782365321322896712e-01
2.590963131159230670e+03 7.023416457234171162e+01 2.235681078620565740e-02 1.127171744695136812e-01 9.717150537232024932e-02 2.247499817638059761e-09 9.773662312986706180e-01
2.590023830483080019e+03 7.037911196348485987e+01 2.239728656357957079e-02 1.124764810095783829e-01 9.087280040332057496e-02 2.223106179461980772e-09 9.776000993211114709e-01
2.590023830483080019e+03 7.037911196348485987e+01 2.239728656357957079e-02 1.124764810095783829e-01 9.087280040332057496e-02 2.223106179461980772e-09 9.776000993211114709e-01
2.581327349778572625e+03 6.912568800632718080e+01 2.235320652961518204e-02 1.160875231228456761e-01 8.960495189630288126e-02 2.230030930538965046e-09 9.760722048414661733e-01
2.579689463252656424e+03 6.892356025605208458e+01 2.231875453661286146e-02 1.164055628482316002e-01 8.412250317253670839e-02 2.210068475971361016e-09 9.752964326854591803e-01
2.580287821818164957e+03 6.918958601543889131e+01 2.233953146955315605e-02 1.156925232505500861e-01 8.476928937654923391e-02 2.207642190488001897e-09 9.759795127625046085e-01
2.580287821818164957e+03 6.918958601543889131e+01 2.233953146955315605e-02 1.156925232505500861e-01 8.476928937654923391e-02 2.207642190488001897e-09 9.759795127625046085e-01
2.580287821818164957e+03 6.918958601543889131e+01 2.233953146955315605e-02 1.156925232505500861e-01 8.476928937654923391e-02 2.207642190488001897e-09 9.759795127625046085e-01
2.581032302349766724e+03 6.921373084449282942e+01 2.234563426930821078e-02 1.155188352753296621e-01 8.914000113043753226e-02 2.222764362399626419e-09 9.764431551210537297e-01
2.581032302349766724e+03 6.921373084449282942e+01 2.234563426930821078e-02 1.155188352753296621e-01 8.914000113043753226e-02 2.222764362399626419e-09 9.764431551210537297e-01
2.581032302349766724e+03 6.921373084449282942e+01 2.234563426930821078e-02 1.155188352753296621e-01 8.914000113043753226e-02 2.222764362399626419e-09 9.764431551210537297e-01
2.578983093230088343e+03 6.920978474836303462e+01 2.231747903746177444e-02 1.152093450266504088e-01 8.418348307261547259e-02 2.201066720106817140e-09 9.770195268606911565e-01
2.578983093230088343e+03 6.920978474836303462e+01 2.231747903746177444e-02 1.152093450266504088e-01 8.418348307261547259e-02 2.201066720106817140e-09 9.770195268606911565e-01
2.579144909162114800e+03 6.952438705775786332e+01 2.238191873233170634e-02 1.144370814253744539e-01 8.328523746871870082e-02 2.194242154143206578e-09 9.791937993432545673e-01
2.578735789171481429e+03 6.906488381171268998e+01 2.230106396812078784e-02 1.152856140606932228e-01 8.373810757353057632e-02 2.200769965307136080e-09 9.763339554620662497e-01
2.578735789171481429e+03 6.906488381171268998e+01 2.230106396812078784e-02 1.152856140606932228e-01 8.373810757353057632e-02 2.200769965307136080e-09 9.763339554620662497e-01
2.578735789171481429e+03 6.906488381171268998e+01 2.230106396812078784e-02 1.152856140606932228e-01 8.373810757353057632e-02 2.200769965307136080e-09 9.763339554620662497e-01
2.578735789171481429e+03 6.906488381171268998e+01 2.230106396812078784e-02 1.152856140606932228e-01 8.373810757353057632e-02 2.200769965307136080e-09 9.763339554620662497e-01
2.578735789171481429e+03 6.906488381171268998e+01 2.230106396812078784e-02 1.152856140606932228e-01 8.373810757353057632e-02 2.200769965307136080e-09 9.763339554620662497e-01
2.578959224904338043e+03 6.909555256120989952e+01 2.230954405350435432e-02 1.152230658543467040e-01 8.288139205877835536e-02 2.197517727643735594e-09 9.764825342621551441e-01
2.578959224904338043e+03 6.909555256120989952e+01 2.230954405350435432e-02 1.152230658543467040e-01 8.288139205877835536e-02 2.197517727643735594e-09 9.764825342621551441e-01
2.578959224904338043e+03 6.909555256120989952e+01 2.230954405350435432e-02 1.152230658543467040e-01 8.288139205877835536e-02 2.197517727643735594e-09 9.764825342621551441e-01
2.580187267851521938e+03 6.911012485220956592e+01 2.232294684767996418e-02 1.151404663155665836e-01 9.170906626581018517e-02 2.230297078463413434e-09 9.767293178121155828e-01
2.580187267851521938e+03 6.911012485220956592e+01 2.232294684767996418e-02 1.151404663155665836e-01 9.170906626581018517e-02 2.230297078463413434e-09 9.767293178121155828e-01
2.580356497375385516e+03 6.907566108186820486e+01 2.230270353315137732e-02 1.151119905509755820e-01 9.064732642261923157e-02 2.225889821036117416e-09 9.764239771800590217e-01
2.578856496687726121e+03 6.901048322974436644e+01 2.229998199664133887e-02 1.152803638988618290e-01 8.411248051875939991e-02 2.201898756555526328e-09 9.763447884874387750e-01
2.579301408534628536e+03 6.890087988221297621e+01 2.231757006135693874e-02 1.155523730083763412e-01 7.970287505970202746e-02 2.185679143301109637e-09 9.760944390809611626e-01
2.579675467643211960e+03 6.887615248521805711e+01 2.229856484092078428e-02 1.157956673244511930e-01 9.075076426163458665e-02 2.228693928137579706e-09 9.761867696361558044e-01
2.579675467643211960e+03 6.887615248521805711e+01 2.229856484092078428e-02 1.157956673244511930e-01 9.075076426163458665e-02 2.228693928137579706e-09 9.761867696361558044e-01
2.579675467643211960e+03 6.887615248521805711e+01 2.229856484092078428e-02 1.157956673244511930e-01 9.075076426163458665e-02 2.228693928137579706e-09 9.761867696361558044e-01
2.579992615618527907e+03 6.920306160942192264e+01 2.236305118875107911e-02 1.151691144325756033e-01 9.398299393890589826e-02 2.238715656693089077e-09 9.784847054628618146e-01
2.579992615618527907e+03 6.920306160942192264e+01 2.236305118875107911e-02 1.151691144325756033e-01 9.398299393890589826e-02 2.238715656693089077e-09 9.784847054628618146e-01
2.577702127465609010e+03 6.855822055650122593e+01 2.228127365014547986e-02 1.169392525489075102e-01 9.018620034055192802e-02 2.235313770146844669e-09 9.748936966275257854e-01
2.578021917247010151e+03 6.886991464164117360e+01 2.230637332918870841e-02 1.161066783844729861e-01 8.542172753949296704e-02 2.213111586654764011e-09 9.769261564005359277e-01
2.578021917247010151e+03 6.886991464164117360e+01 2.230637332918870841e-02 1.161066783844729861e-01 8.542172753949296704e-02 2.213111586654764011e-09 9.769261564005359277e-01
2.578021917247010151e+03 6.886991464164117360e+01 2.230637332918870841e-02 1.161066783844729861e-01 8.542172753949296704e-02 2.213111586654764011e-09 9.769261564005359277e-01
2.577571981073547249e+03 6.896125150856497044e+01 2.231192153341842593e-02 1.158126743016429649e-01 8.853918483414492668e-02 2.223655483877114932e-09 9.774791828038936758e-01
2.577571981073547249e+03 6.896125150856497044e+01 2.231192153341842593e-02 1.158126743016429649e-01 8.853918483414492668e-02 2.223655483877114932e-09 9.774791828038936758e-01
2.580640185283600658e+03 6.916353808307283657e+01 2.234475117025122581e-02 1.152420862686546338e-01 9.831204135436293068e-02 2.257403269890252953e-09 9.788308931929931012e-01
2.578411617115204535e+03 6.920395438467950555e+01 2.234815157671550881e-02 1.150871531180850393e-01 8.952193070332402358e-02 2.223247492235227237e-09 9.798662115122112048e-01
2.578411617115204535e+03 6.920395438467950555e+01 2.234815157671550881e-02 1.150871531180850393e-01 8.952193070332402358e-02 2.223247492235227237e-09 9.798662115122112048e-01
2.578411617115204535e+03 6.920395438467950555e+01 2.234815157671550881e-02 1.150871531180850393e-01 8.952193070332402358e-02 2.223247492235227237e-09 9.798662115122112048e-01
2.579203257626818413e+03 6.958701872627005969e+01 2.242954997595639557e-02 1.144595866592400812e-01 9.618748343201899420e-02 2.245294748280362306e-09 9.821075584502328981e-01
2.581848623309402683e+03 6.926057033611428437e+01 2.237592300619941493e-02 1.149969590031951344e-01 1.000569133641901060e-01 2.261663149673845575e-09 9.805725589769371808e-01
2.578321650065277026e+03 6.920146737929647429e+01 2.243932438102429205e-02 1.152048809202879665e-01 8.767324748265362122e-02 2.214875322011105554e-09 9.799936315329542680e-01
2.578321650065277026e+03 6.920146737929647429e+01 2.243932438102429205e-02 1.152048809202879665e-01 8.767324748265362122e-02 2.214875322011105554e-09 9.799936315329542680e-01
2.577924595021192999e+03 6.904676259445830055e+01 2.234867878699835914e-02 1.153322540575338617e-01 8.931506423883109336e-02 2.222607144295578822e-09 9.773894650977815735e-01
2.577924595021192999e+03 6.904676259445830055e+01 2.234867878699835914e-02 1.153322540575338617e-01 8.931506423883109336e-02 2.222607144295578822e-09 9.773894650977815735e-01
2.577924595021192999e+03 6.904676259445830055e+01 2.234867878699835914e-02 1.153322540575338617e-01 8.931506423883109336e-02 2.222607144295578822e-09 9.773894650977815735e-01
2.578170437675139056e+03 6.909718646091604910e+01 2.237930720958241151e-02 1.153172276700555193e-01 8.953632052254198448e-02 2.222539744762946643e-09 9.772580963447207170e-01
2.578170437675139056e+03 6.909718646091604910e+01 2.237930720958241151e-02 1.153172276700555193e-01 8.953632052254198448e-02 2.222539744762946643e-09 9.772580963447207170e-01
2.578170437675139056e+03 6.909718646091604910e+01 2.237930720958241151e-02 1.153172276700555193e-01 8.953632052254198448e-02 2.222539744762946643e-09 9.772580963447207170e-01
2.578170437675139056e+03 6.909718646091604910e+01 2.237930720958241151e-02 1.153172276700555193e-01 8.953632052254198448e-02 2.222539744762946643e-09 9.772580963447207170e-01
2.578170437675139056e+03 6.909718646091604910e+01 2.237930720958241151e-02 1.153172276700555193e-01 8.953632052254198448e-02 2.222539744762946643e-09 9.772580963447207170e-01
2.578170437675139056e+03 6.909718646091604910e+01 2.237930720958241151e-02 1.153172276700555193e-01 8.953632052254198448e-02 2.222539744762946643e-09 9.772580963447207170e-01
2.577227994107682207e+03 6.892719458134328647e+01 2.237841251765392003e-02 1.158046815376256172e-01 8.344462798225038558e-02 2.201228504805110578e-09 9.765900041900114070e-01
2.577525956052238143e+03 6.894470757106353176e+01 2.238235570298697380e-02 1.157921095584566462e-01 8.874784956052673979e-02 2.221208958781172471e-09 9.769622957524174423e-01
2.577525956052238143e+03 6.894470757106353176e+01 2.238235570298697380e-02 1.157921095584566462e-01 8.874784956052673979e-02 2.221208958781172471e-09 9.769622957524174423e-01
2.577525956052238143e+03 6.894470757106353176e+01 2.238235570298697380e-02 1.157921095584566462e-01 8.874784956052673979e-02 2.221208958781172471e-09 9.769622957524174423e-01
2.577525956052238143e+03 6.894470757106353176e+01 2.238235570298697380e-02 1.157921095584566462e-01 8.874784956052673979e-02 2.221208958781172471e-09 9.769622957524174423e-01
2.577247135862970026e+03 6.886535496848767934e+01 2.236850732195401828e-02 1.159456099163187898e-01 8.270323319699084130e-02 2.199002557701726009e-09 9.764699683615343240e-01
2.577322562726541946e+03 6.886565791290966843e+01 2.237736071514015088e-02 1.159830853494360353e-01 8.271078380320838475e-02 2.199516887552948979e-09 9.766453088546235284e-01
2.577322562726541946e+03 6.886565791290966843e+01 2.237736071514015088e-02 1.159830853494360353e-01 8.271078380320838475e-02 2.199516887552948979e-09 9.766453088546235284e-01
2.577606133006504024e+03 6.879942889172889409e+01 2.236955260891583877e-02 1.161171659610240325e-01 8.110397237629821121e-02 2.193937485164074417e-09 9.762050514537522483e-01
2.577251177535948955e+03 6.895038106186804328e+01 2.239694954602380189e-02 1.158807846136788583e-01 8.924128446621223953e-02 2.223867989091544378e-09 9.773444816830205717e-01
2.577794408476726858e+03 6.904905809018684693e+01 2.242696993777498760e-02 1.156848284741579663e-01 9.111509058628147750e-02 2.230200179033996547e-09 9.778098031075350693e-01
2.577794408476726858e+03 6.904905809018684693e+01 2.242696993777498760e-02 1.156848284741579663e-01 9.111509058628147750e-02 2.230200179033996547e-09 9.778098031075350693e-01
2.577353596413709056e+03 6.911842791933027286e+01 2.246501055469560942e-02 1.155154775595948480e-01 8.656921050132099227e-02 2.211920205120453557e-09 9.783020894363217979e-01
2.577353596413709056e+03 6.911842791933027286e+01 2.246501055469560942e-02 1.155154775595948480e-01 8.656921050132099227e-02 2.211920205120453557e-09 9.783020894363217979e-01
2.577244826623077188e+03 6.911359372142011637e+01 2.247754389863191107e-02 1.156454961435073453e-01 8.539165969856185590e-02 2.207798647216393465e-09 9.782867299993679433e-01
2.577244826623077188e+03 6.911359372142011637e+01 2.247754389863191107e-02 1.156454961435073453e-01 8.539165969856185590e-02 2.207798647216393465e-09 9.782867299993679433e-01
2.577614683700239766e+03 6.918051600632567499e+01 2.248084862555827304e-02 1.154731157898338662e-01 8.423014619435691130e-02 2.202800781366324573e-09 9.785066616209382451e-01
2.577614683700239766e+03 6.918051600632567499e+01 2.248084862555827304e-02 1.154731157898338662e-01 8.423014619435691130e-02 2.202800781366324573e-09 9.785066616209382451e-01
2.578044555837214830e+03 6.915076292500557997e+01 2.246497139694136544e-02 1.154232547869676467e-01 8.389817866673403290e-02 2.201567625993034406e-09 9.783995028820570150e-01
2.578876550639422021e+03 6.910467530220721244e+01 2.241319469538880296e-02 1.153033980071491021e-01 8.222356958359082479e-02 2.193846855822577330e-09 9.784081381485632001e-01
2.578876550639422021e+03 6.910467530220721244e+01 2.241319469538880296e-02 1.153033980071491021e-01 8.222356958359082479e-02 2.193846855822577330e-09 9.784081381485632001e-01
2.579298329024895338e+03 6.904162599587553473e+01 2.239146044579825440e-02 1.154560020255221281e-01 7.960141817341170878e-02 2.184613472991902677e-09 9.777021107012766610e-01
2.579298329024895338e+03 6.904162599587553473e+01 2.239146044579825440e-02 1.154560020255221281e-01 7.960141817341170878e-02 2.184613472991902677e-09 9.777021107012766610e-01
2.577750848255863275e+03 6.897631804337065375e+01 2.236102946880520748e-02 1.154952699229143676e-01 8.708701066554973280e-02 2.213573677863929000e-09 9.775031175045391096e-01
2.577750848255863275e+03 6.897631804337065375e+01 2.236102946880520748e-02 1.154952699229143676e-01 8.708701066554973280e-02 2.213573677863929000e-09 9.775031175045391096e-01
2.577750848255863275e+03 6.897631804337065375e+01 2.236102946880520748e-02 1.154952699229143676e-01 8.708701066554973280e-02 2.213573677863929000e-09 9.775031175045391096e-01
2.578313848376589704e+03 6.906255110532119090e+01 2.236522361699187084e-02 1.152603386168640082e-01 8.877152710986073447e-02 2.218073414103507841e-09 9.782381482539210804e-01
2.578313848376589704e+03 6.906255110532119090e+01 2.236522361699187084e-02 1.152603386168640082e-01 8.877152710986073447e-02 2.218073414103507841e-09 9.782381482539210804e-01
2.578313848376589704e+03 6.906255110532119090e+01 2.236522361699187084e-02 1.152603386168640082e-01 8.877152710986073447e-02 2.218073414103507841e-09 9.782381482539210804e-01
2.578288100460067653e+03 6.911760553564667475e+01 2.235873772518435013e-02 1.151171302997719692e-01 8.639448528098787883e-02 2.208325336391176307e-09 9.783436677402705950e-01
2.579888418825814369e+03 6.922846132267511621e+01 2.237943655198289597e-02 1.149471982422423932e-01 9.237474940687105673e-02 2.230534381833035774e-09 9.785420858085348561e-01
2.578064339549044234e+03 6.919892890359662374e+01 2.239077374965938935e-02 1.151038481467661079e-01 8.808307859531527839e-02 2.215722177890498430e-09 9.777864759268943828e-01
2.578064339549044234e+03 6.919892890359662374e+01 2.239077374965938935e-02 1.151038481467661079e-01 8.808307859531527839e-02 2.215722177890498430e-09 9.777864759268943828e-01
2.578064339549044234e+03 6.919892890359662374e+01 2.239077374965938935e-02 1.151038481467661079e-01 8.808307859531527839e-02 2.215722177890498430e-09 9.777864759268943828e-01
2.578064339549044234e+03 6.919892890359662374e+01 2.239077374965938935e-02 1.151038481467661079e-01 8.808307859531527839e-02 2.215722177890498430e-09 9.777864759268943828e-01
2.577119094136749482e+03 6.909238619624640876e+01 2.245903856661932499e-02 1.156207128113458937e-01 8.405037258538612666e-02 2.202379287981937737e-09 9.771940015535091062e-01
2.577119094136749482e+03 6.909238619624640876e+01 2.245903856661932499e-02 1.156207128113458937e-01 8.405037258538612666e-02 2.202379287981937737e-09 9.771940015535091062e-01
2.577119094136749482e+03 6.909238619624640876e+01 2.245903856661932499e-02 1.156207128113458937e-01 8.405037258538612666e-02 2.202379287981937737e-09 9.771940015535091062e-01
2.577164661189869094e+03 6.910046667365486428e+01 2.246385796123760020e-02 1.155921518597048253e-01 8.422902079742626558e-02 2.202888157830359126e-09 9.772480674295503933e-01
2.578236642701988785e+03 6.909327014305009129e+01 2.245254095045543311e-02 1.155885208437920642e-01 8.026548983422390759e-02 2.188547076307958823e-09 9.770047517994148167e-01
2.578236642701988785e+03 6.909327014305009129e+01 2.245254095045543311e-02 1.155885208437920642e-01 8.026548983422390759e-02 2.188547076307958823e-09 9.770047517994148167e-01
2.577501748006534399e+03 6.919849523527761903e+01 2.245635811809794380e-02 1.153419097225596018e-01 8.353120495638136078e-02 2.199779021595848335e-09 9.770651536589645136e-01
2.576928204790001473e+03 6.872094248286381912e+01 2.235796866477647582e-02 1.162800410394959766e-01 8.593152080553193017e-02 2.213446828534908644e-09 9.750693789417589352e-01
2.577131809503026943e+03 6.858540944329561739e+01 2.232246307484736167e-02 1.164908103013096302e-01 8.622560249536249943e-02 2.215776982788430976e-09 9.742471490149539060e-01
2.577333160360992224e+03 6.851197908547554505e+01 2.229366387665470198e-02 1.165121967463398495e-01 8.408034567755692801e-02 2.207077413073398700e-09 9.742418851545212588e-01
2.577333160360992224e+03 6.851197908547554505e+01 2.229366387665470198e-02 1.165121967463398495e-01 8.408034567755692801e-02 2.207077413073398700e-09 9.742418851545212588e-01
2.577333160360992224e+03 6.851197908547554505e+01 2.229366387665470198e-02 1.165121967463398495e-01 8.408034567755692801e-02 2.207077413073398700e-09 9.742418851545212588e-01
2.577333160360992224e+03 6.851197908547554505e+01 2.229366387665470198e-02 1.165121967463398495e-01 8.408034567755692801e-02 2.207077413073398700e-09 9.742418851545212588e-01
2.577361203006284086e+03 6.839016872878831066e+01 2.227897897869684715e-02 1.167776598941901306e-01 8.241422243197722708e-02 2.201911723245353084e-09 9.737124925886362359e-01
2.577361203006284086e+03 6.839016872878831066e+01 2.227897897869684715e-02 1.167776598941901306e-01 8.241422243197722708e-02 2.201911723245353084e-09 9.737124925886362359e-01
2.578168077707980501e+03 6.837143700087368359e+01 2.228405718759355128e-02 1.167841017304666051e-01 8.826849902267985826e-02 2.224211328012160957e-09 9.735217328062492070e-01
2.579181267271361321e+03 6.868591967688199418e+01 2.237055778259018635e-02 1.159400082826930467e-01 8.275626689624729360e-02 2.198275548968507234e-09 9.755519544288342448e-01
2.579916148441251607e+03 6.877662664536515535e+01 2.234735077326665056e-02 1.156493960184854924e-01 8.069093352422183896e-02 2.188378099262425443e-09 9.761650368563734581e-01
2.579916148441251607e+03 6.877662664536515535e+01 2.234735077326665056e-02 1.156493960184854924e-01 8.069093352422183896e-02 2.188378099262425443e-09 9.761650368563734581e-01
2.580722244071696423e+03 6.889662236385652250e+01 2.233961525831111572e-02 1.152378280270297817e-01 8.872479003481720250e-02 2.216881805310642692e-09 9.770754487137102151e-01
2.580722244071696423e+03 6.889662236385652250e+01 2.233961525831111572e-02 1.152378280270297817e-01 8.872479003481720250e-02 2.216881805310642692e-09 9.770754487137102151e-01
2.580992578965897792e+03 6.850423247302731511e+01 2.224637304888643641e-02 1.159274621840123976e-01 8.425310754196770058e-02 2.203474468876078165e-09 9.747179894710996662e-01
2.581271246739619073e+03 6.799506344460581886e+01 2.217104183813790180e-02 1.170413157121846931e-01 7.863101648464206062e-02 2.186733140234028714e-09 9.718841321685125489e-01
2.581271246739619073e+03 6.799506344460581886e+01 2.217104183813790180e-02 1.170413157121846931e-01 7.863101648464206062e-02 2.186733140234028714e-09 9.718841321685125489e-01
2.583981825429497803e+03 6.806560382872828541e+01 2.222164771713375925e-02 1.170429648704189446e-01 7.268145007415804937e-02 2.164493726786790966e-09 9.727376409077721497e-01
2.584402360711993879e+03 6.831708457293737524e+01 2.223625868619438090e-02 1.164354738027161412e-01 7.249537812254722158e-02 2.161389727220336847e-09 9.730176284537491727e-01
2.584402360711993879e+03 6.831708457293737524e+01 2.223625868619438090e-02 1.164354738027161412e-01 7.249537812254722158e-02 2.161389727220336847e-09 9.730176284537491727e-01
2.580581594146168300e+03 6.888792211244944497e+01 2.235901963018331953e-02 1.153127094006342057e-01 8.751845733729371468e-02 2.213744326604339527e-09 9.756890465398662116e-01
2.580581594146168300e+03 6.888792211244944497e+01 2.235901963018331953e-02 1.153127094006342057e-01 8.751845733729371468e-02 2.213744326604339527e-09 9.756890465398662116e-01
2.580581594146168300e+03 6.888792211244944497e+01 2.235901963018331953e-02 1.153127094006342057e-01 8.751845733729371468e-02 2.213744326604339527e-09 9.756890465398662116e-01
2.580317255715332522e+03 6.873315904436215362e+01 2.237124672314543677e-02 1.159692953418855754e-01 8.895644036298949731e-02 2.221158869818478049e-09 9.748462228054043388e-01
2.580317255715332522e+03 6.873315904436215362e+01 2.237124672314543677e-02 1.159692953418855754e-01 8.895644036298949731e-02 2.221158869818478049e-09 9.748462228054043388e-01
2.582671416451455116e+03 6.842691426946308297e+01 2.234674073783952941e-02 1.165994004621370150e-01 8.995163159352488613e-02 2.226561997571606614e-09 9.735998520324629091e-01
2.582671416451455116e+03 6.842691426946308297e+01 2.234674073783952941e-02 1.165994004621370150e-01 8.995163159352488613e-02 2.226561997571606614e-09 9.735998520324629091e-01
2.582671416451455116e+03 6.842691426946308297e+01 2.234674073783952941e-02 1.165994004621370150e-01 8.995163159352488613e-02 2.226561997571606614e-09 9.735998520324629091e-01
2.579890080075474998e+03 6.805868377041871042e+01 2.230220946783837213e-02 1.172005481720829884e-01 8.207912270256829956e-02 2.198739510834366214e-09 9.729884155709616067e-01
2.579890080075474998e+03 6.805868377041871042e+01 2.230220946783837213e-02 1.172005481720829884e-01 8.207912270256829956e-02 2.198739510834366214e-09 9.729884155709616067e-01
2.579890080075474998e+03 6.805868377041871042e+01 2.230220946783837213e-02 1.172005481720829884e-01 8.207912270256829956e-02 2.198739510834366214e-09 9.729884155709616067e-01
2.579890080075474998e+03 6.805868377041871042e+01 2.230220946783837213e-02 1.172005481720829884e-01 8.207912270256829956e-02 2.198739510834366214e-09 9.729884155709616067e-01
2.579890080075474998e+03 6.805868377041871042e+01 2.230220946783837213e-02 1.172005481720829884e-01 8.207912270256829956e-02 2.198739510834366214e-09 9.729884155709616067e-01
2.581165998107243013e+03 6.795918972318662554e+01 2.230454788529344715e-02 1.173950661600499656e-01 8.522064064929089910e-02 2.211429132229560843e-09 9.727382021431448811e-01
2.580408930515661723e+03 6.801325561352260252e+01 2.230838899085689150e-02 1.172789777940966838e-01 8.092694741049459572e-02 2.194431642669843410e-09 9.732831462298183745e-01
2.581507071593367527e+03 6.807575106275591281e+01 2.236809907748399731e-02 1.173088755530569821e-01 8.746647618429746751e-02 2.219348684401738755e-09 9.741288533766696567e-01
2.581514119415996447e+03 6.819173436197138471e+01 2.236871345864713603e-02 1.169242572525769908e-01 8.473101231415706980e-02 2.206675887474409313e-09 9.745329516655442115e-01
2.581514119415996447e+03 6.819173436197138471e+01 2.236871345864713603e-02 1.169242572525769908e-01 8.473101231415706980e-02 2.206675887474409313e-09 9.745329516655442115e-01
2.581079590772196752e+03 6.866159307027460557e+01 2.239118900844079552e-02 1.158436956618861674e-01 8.021436058076449049e-02 2.184011447681281465e-09 9.766769476678478501e-01
2.581079590772196752e+03 6.866159307027460557e+01 2.239118900844079552e-02 1.158436956618861674e-01 8.021436058076449049e-02 2.184011447681281465e-09 9.766769476678478501e-01
2.581079590772196752e+03 6.866159307027460557e+01 2.239118900844079552e-02 1.158436956618861674e-01 8.021436058076449049e-02 2.184011447681281465e-09 9.766769476678478501e-01
2.581079590772196752e+03 6.866159307027460557e+01 2.239118900844079552e-02 1.158436956618861674e-01 8.021436058076449049e-02 2.184011447681281465e-09 9.766769476678478501e-01
2.581233478488742549e+03 6.868843214771571581e+01 2.239532437954436586e-02 1.158192467648469504e-01 7.932143554090040349e-02 2.180689582633742279e-09 9.771791797365000365e-01
2.581233478488742549e+03 6.868843214771571581e+01 2.239532437954436586e-02 1.158192467648469504e-01 7.932143554090040349e-02 2.180689582633742279e-09 9.771791797365000365e-01
2.579663894716177310e+03 6.906740050061547720e+01 2.236602495265421417e-02 1.151940310146160468e-01 8.466353049206416792e-02 2.202624350895989354e-09 9.794015737848044134e-01
2.579318123123456189e+03 6.880882102589526994e+01 2.232658061245413814e-02 1.155980566489243216e-01 8.471475979134661383e-02 2.204122215187732856e-09 9.775518197846464474e-01
2.578380069428876595e+03 6.903299746081940214e+01 2.235517204988005102e-02 1.153101664738803017e-01 8.859063925756624491e-02 2.217780000038301117e-09 9.793269119311532878e-01
2.578380069428876595e+03 6.903299746081940214e+01 2.235517204988005102e-02 1.153101664738803017e-01 8.859063925756624491e-02 2.217780000038301117e-09 9.793269119311532878e-01
2.578380069428876595e+03 6.903299746081940214e+01 2.235517204988005102e-02 1.153101664738803017e-01 8.859063925756624491e-02 2.217780000038301117e-09 9.793269119311532878e-01
2.578359443784324412e+03 6.902608012356138545e+01 2.235547011117912028e-02 1.154136613223612357e-01 8.679944646439094469e-02 2.212167426370623623e-09 9.792895628171951472e-01
2.578359443784324412e+03 6.902608012356138545e+01 2.235547011117912028e-02 1.154136613223612357e-01 8.679944646439094469e-02 2.212167426370623623e-09 9.792895628171951472e-01
2.578359443784324412e+03 6.902608012356138545e+01 2.235547011117912028e-02 1.154136613223612357e-01 8.679944646439094469e-02 2.212167426370623623e-09 9.792895628171951472e-01
2.578154914877907231e+03 6.911304430349191819e+01 2.236524213574499903e-02 1.152432258224224126e-01 9.071540749472555010e-02 2.226183438621027342e-09 9.797195074077644783e-01
2.578771921938396645e+03 6.922617934419510277e+01 2.235517753094119417e-02 1.149581529752730508e-01 9.202389689111740989e-02 2.229706720439173364e-09 9.808980364575573541e-01
2.578649063991850653e+03 6.928501953117900314e+01 2.242133149147712209e-02 1.149262741059958320e-01 8.998620450950210736e-02 2.221540144623053678e-09 9.810093415319105503e-01
2.578649063991850653e+03 6.928501953117900314e+01 2.242133149147712209e-02 1.149262741059958320e-01 8.998620450950210736e-02 2.221540144623053678e-09 9.810093415319105503e-01
2.578649063991850653e+03 6.928501953117900314e+01 2.242133149147712209e-02 1.149262741059958320e-01 8.998620450950210736e-02 2.221540144623053678e-09 9.810093415319105503e-01
2.578034464845193725e+03 6.897466223697431076e+01 2.245856411777423858e-02 1.157717408760371297e-01 8.822146934625851866e-02 2.217619127369120723e-09 9.789631845651100006e-01
2.578034464845193725e+03 6.897466223697431076e+01 2.245856411777423858e-02 1.157717408760371297e-01 8.822146934625851866e-02 2.217619127369120723e-09 9.789631845651100006e-01
2.578034464845193725e+03 6.897466223697431076e+01 2.245856411777423858e-02 1.157717408760371297e-01 8.822146934625851866e-02 2.217619127369120723e-09 9.789631845651100006e-01
2.578503473270820450e+03 6.895174267871327345e+01 2.247685016354454210e-02 1.158517962474493040e-01 8.433806951566558130e-02 2.203363545476296079e-09 9.788354328354426093e-01
2.578269407897915244e+03 6.887345995749983274e+01 2.247736075087506877e-02 1.160499408525188375e-01 8.947050485132057585e-02 2.223701257528112096e-09 9.779450555028663672e-01
2.578269407897915244e+03 6.887345995749983274e+01 2.247736075087506877e-02 1.160499408525188375e-01 8.947050485132057585e-02 2.223701257528112096e-09 9.779450555028663672e-01
2.578269407897915244e+03 6.887345995749983274e+01 2.247736075087506877e-02 1.160499408525188375e-01 8.947050485132057585e-02 2.223701257528112096e-09 9.779450555028663672e-01
2.578125201443924652e+03 6.881549465221151252e+01 2.243941109276512483e-02 1.160212831939448075e-01 8.461524534693770638e-02 2.205004320364861042e-09 9.778379256540338238e-01
2.579011116118947939e+03 6.886506188964486341e+01 2.241322591135479561e-02 1.159567933476532420e-01 8.085195655759283562e-02 2.191572547952088674e-09 9.777771329760089891e-01
2.581531454076807222e+03 6.874502472288949662e+01 2.239990882782125214e-02 1.161896824746297546e-01 7.593512458140634636e-02 2.173267484428416281e-09 9.773624791316780636e-01
2.581531454076807222e+03 6.874502472288949662e+01 2.239990882782125214e-02 1.161896824746297546e-01 7.593512458140634636e-02 2.173267484428416281e-09 9.773624791316780636e-01
2.584102018777211924e+03 6.859535218700759174e+01 2.236745703991969633e-02 1.165781615154227596e-01 7.179905181491666455e-02 2.159774945119215216e-09 9.764188736887052800e-01
2.584102018777211924e+03 6.859535218700759174e+01 2.236745703991969633e-02 1.165781615154227596e-01 7.179905181491666455e-02 2.159774945119215216e-09 9.764188736887052800e-01
2.584102018777211924e+03 6.859535218700759174e+01 2.236745703991969633e-02 1.165781615154227596e-01 7.179905181491666455e-02 2.159774945119215216e-09 9.764188736887052800e-01
2.577483614185171064e+03 6.875325177922852049e+01 2.242967729334934338e-02 1.163147890635808923e-01 8.264968592981400408e-02 2.198895959681797805e-09 9.773291892720832319e-01
2.577663889991506949e+03 6.879449706289437927e+01 2.241879645595221821e-02 1.162911594722632058e-01 8.923959777987916508e-02 2.224402570805787616e-09 9.770188891660406272e-01
2.577663889991506949e+03 6.879449706289437927e+01 2.241879645595221821e-02 1.162911594722632058e-01 8.923959777987916508e-02 2.224402570805787616e-09 9.770188891660406272e-01
2.577663889991506949e+03 6.879449706289437927e+01 2.241879645595221821e-02 1.162911594722632058e-01 8.923959777987916508e-02 2.224402570805787616e-09 9.770188891660406272e-01
2.577663889991506949e+03 6.879449706289437927e+01 2.241879645595221821e-02 1.162911594722632058e-01 8.923959777987916508e-02 2.224402570805787616e-09 9.770188891660406272e-01
2.577663889991506949e+03 6.879449706289437927e+01 2.241879645595221821e-02 1.162911594722632058e-01 8.923959777987916508e-02 2.224402570805787616e-09 9.770188891660406272e-01
2.576868161899975348e+03 6.871079735480161332e+01 2.241783380872848855e-02 1.164769550434763545e-01 8.590672459691865714e-02 2.212491278856237507e-09 9.767808454823270203e-01
2.576753914242793144e+03 6.865468642365557628e+01 2.240142310150792029e-02 1.166210931175313409e-01 8.300027165638489135e-02 2.203011928591073954e-09 9.761173541353336258e-01
2.576402628955197088e+03 6.839486098183630247e+01 2.238296949390525953e-02 1.173589972153447486e-01 8.164426318833610530e-02 2.201431630484276136e-09 9.744250036526033165e-01
2.576402628955197088e+03 6.839486098183630247e+01 2.238296949390525953e-02 1.173589972153447486e-01 8.164426318833610530e-02 2.201431630484276136e-09 9.744250036526033165e-01
2.576402628955197088e+03 6.839486098183630247e+01 2.238296949390525953e-02 1.173589972153447486e-01 8.164426318833610530e-02 2.201431630484276136e-09 9.744250036526033165e-01
2.576384869889575839e+03 6.848087336717280493e+01 2.239097778045978995e-02 1.171773177222776852e-01 8.291330261333183793e-02 2.205086883702145722e-09 9.751127289224299499e-01
2.576384869889575839e+03 6.848087336717280493e+01 2.239097778045978995e-02 1.171773177222776852e-01 8.291330261333183793e-02 2.205086883702145722e-09 9.751127289224299499e-01
2.576384869889575839e+03 6.848087336717280493e+01 2.239097778045978995e-02 1.171773177222776852e-01 8.291330261333183793e-02 2.205086883702145722e-09 9.751127289224299499e-01
2.576423693511047077e+03 6.853389315338260701e+01 2.240563764884769341e-02 1.170930500573190841e-01 8.397736635330163568e-02 2.208637864691409351e-09 9.753090253353697836e-01
2.576423693511047077e+03 6.853389315338260701e+01 2.240563764884769341e-02 1.170930500573190841e-01 8.397736635330163568e-02 2.208637864691409351e-09 9.753090253353697836e-01
2.576887877176176517e+03 6.857887196844959021e+01 2.239535085300761383e-02 1.169414885995612441e-01 8.131301698069672013e-02 2.198128245033692800e-09 9.757937925314242866e-01
2.578193750398618249e+03 6.853351585377677679e+01 2.238010217034646851e-02 1.170743343020908961e-01 7.794334342876003963e-02 2.185764194357456731e-09 9.758568229566457752e-01
2.578193750398618249e+03 6.853351585377677679e+01 2.238010217034646851e-02 1.170743343020908961e-01 7.794334342876003963e-02 2.185764194357456731e-09 9.758568229566457752e-01
2.576770044805075941e+03 6.866903975518287950e+01 2.240820162920865652e-02 1.168517076920995296e-01 8.569225959304294093e-02 2.214564797053366487e-09 9.765453144065984192e-01
2.576770044805075941e+03 6.866903975518287950e+01 2.240820162920865652e-02 1.168517076920995296e-01 8.569225959304294093e-02 2.214564797053366487e-09 9.765453144065984192e-01
2.576770044805075941e+03 6.866903975518287950e+01 2.240820162920865652e-02 1.168517076920995296e-01 8.569225959304294093e-02 2.214564797053366487e-09 9.765453144065984192e-01
2.576844763090313791e+03 6.865164504172302884e+01 2.240152466128818992e-02 1.168689565512074230e-01 8.341770552777488801e-02 2.205989601309687085e-09 9.764596701603606155e-01
2.576972526770428431e+03 6.847641631717881694e+01 2.240435997270260812e-02 1.172574095925521392e-01 8.247076665338846924e-02 2.203871323803295649e-09 9.758890306907191947e-01
2.576972526770428431e+03 6.847641631717881694e+01 2.240435997270260812e-02 1.172574095925521392e-01 8.247076665338846924e-02 2.203871323803295649e-09 9.758890306907191947e-01
2.577074802840715620e+03 6.844247651026238088e+01 2.240863094735224062e-02 1.172263342178194584e-01 8.886267304239467424e-02 2.228257870110780721e-09 9.757309757083508783e-01
2.577074802840715620e+03 6.844247651026238088e+01 2.240863094735224062e-02 1.172263342178194584e-01 8.886267304239467424e-02 2.228257870110780721e-09 9.757309757083508783e-01
2.579236235801618932e+03 6.850986182717144857e+01 2.240048497726847970e-02 1.170248779926364724e-01 9.255370236829904562e-02 2.241060607845064370e-09 9.755711151296205808e-01
2.579236235801618932e+03 6.850986182717144857e+01 2.240048497726847970e-02 1.170248779926364724e-01 9.255370236829904562e-02 2.241060607845064370e-09 9.755711151296205808e-01
2.579236235801618932e+03 6.850986182717144857e+01 2.240048497726847970e-02 1.170248779926364724e-01 9.255370236829904562e-02 2.241060607845064370e-09 9.755711151296205808e-01
2.576629880838757799e+03 6.787990047259160065e+01 2.234462281762930949e-02 1.184430899895535377e-01 8.103685283546897822e-02 2.203248128745194680e-09 9.724252040308934975e-01
